0 0
8.388680E-12 1.071887E-19
8.483288E-12 1.190986E-19
8.771376E-12 1.310084E-19
8.868835E-12 1.369634E-19
8.967013E-12 1.429183E-19
9.674620E-12 1.488732E-19
1.009520E-11 1.607831E-19
1.020221E-11 1.786479E-19
1.041851E-11 1.846028E-19
1.108569E-11 1.965127E-19
1.131425E-11 2.024676E-19
1.225992E-11 2.322422E-19
1.262770E-11 2.381972E-19
1.275190E-11 2.441521E-19
1.287692E-11 2.501070E-19
1.312940E-11 2.560619E-19
1.325687E-11 2.620169E-19
1.364422E-11 2.679718E-19
1.377500E-11 2.739267E-19
1.390660E-11 2.858366E-19
1.430645E-11 2.917915E-19
1.457723E-11 3.037014E-19
1.471389E-11 3.096563E-19
1.498977E-11 3.156112E-19
1.512899E-11 3.275211E-19
1.555183E-11 3.453859E-19
1.569450E-11 3.572957E-19
1.627393E-11 3.692056E-19
1.656892E-11 3.811155E-19
1.716955E-11 4.049352E-19
1.794053E-11 4.406647E-19
1.841401E-11 4.525746E-19
1.889574E-11 4.644845E-19
1.905817E-11 4.763943E-19
1.938581E-11 5.002140E-19
2.005231E-11 5.121239E-19
2.022129E-11 5.240337E-19
2.108044E-11 5.597633E-19
2.143080E-11 5.835830E-19
2.178502E-11 5.954929E-19
2.214313E-11 6.074028E-19
2.250513E-11 6.193126E-19
2.287106E-11 6.431323E-19
2.305551E-11 6.669520E-19
2.342736E-11 6.788619E-19
2.380319E-11 6.907718E-19
2.418303E-11 7.026816E-19
2.437445E-11 7.265013E-19
2.456688E-11 7.503210E-19
2.554423E-11 7.741408E-19
2.614289E-11 7.979605E-19
2.634451E-11 8.098703E-19
2.675084E-11 8.336901E-19
2.716134E-11 8.455999E-19
2.736815E-11 8.694196E-19
2.778491E-11 8.932393E-19
2.799488E-11 9.051492E-19
2.841796E-11 9.170591E-19
2.884530E-11 9.408788E-19
2.906056E-11 9.527886E-19
2.949429E-11 9.646985E-19
2.971277E-11 9.885182E-19
3.015295E-11 1.024248E-18
3.059746E-11 1.036158E-18
3.082134E-11 1.048067E-18
3.104631E-11 1.071887E-18
3.172779E-11 1.095707E-18
3.195715E-11 1.119527E-18
3.218761E-11 1.131436E-18
3.265184E-11 1.167166E-18
3.312052E-11 1.179076E-18
3.335654E-11 1.214806E-18
3.407130E-11 1.238625E-18
3.431180E-11 1.250535E-18
3.455343E-11 1.274355E-18
3.479619E-11 1.298175E-18
3.528513E-11 1.310084E-18
3.577862E-11 1.333904E-18
3.602708E-11 1.369634E-18
3.627669E-11 1.381544E-18
3.652745E-11 1.405363E-18
3.677936E-11 1.417273E-18
3.728665E-11 1.441093E-18
3.754204E-11 1.476822E-18
3.805631E-11 1.488732E-18
3.831519E-11 1.512552E-18
3.857525E-11 1.524462E-18
3.909889E-11 1.560191E-18
3.936248E-11 1.572101E-18
3.962725E-11 1.595921E-18
3.989320E-11 1.607831E-18
4.016034E-11 1.619741E-18
4.042867E-11 1.655470E-18
4.069820E-11 1.667380E-18
4.124083E-11 1.715020E-18
4.151395E-11 1.726929E-18
4.206380E-11 1.750749E-18
4.234053E-11 1.774569E-18
4.261848E-11 1.798389E-18
4.289764E-11 1.822208E-18
4.345961E-11 1.869848E-18
4.431173E-11 1.905577E-18
4.459823E-11 1.953217E-18
4.517492E-11 2.000856E-18
4.575657E-11 2.024676E-18
4.604925E-11 2.048496E-18
4.634318E-11 2.072315E-18
4.693479E-11 2.108045E-18
4.723247E-11 2.131865E-18
4.753141E-11 2.167594E-18
4.783161E-11 2.191414E-18
4.813307E-11 2.215234E-18
4.843579E-11 2.227143E-18
4.873978E-11 2.239053E-18
4.904504E-11 2.274783E-18
4.935157E-11 2.322422E-18
4.965938E-11 2.334332E-18
4.996846E-11 2.346242E-18
5.027882E-11 2.370062E-18
5.059046E-11 2.393881E-18
5.090339E-11 2.405791E-18
5.121761E-11 2.441521E-18
5.153312E-11 2.465341E-18
5.184992E-11 2.489160E-18
5.216802E-11 2.512980E-18
5.280811E-11 2.572529E-18
5.313011E-11 2.584439E-18
5.345342E-11 2.608259E-18
5.377803E-11 2.655898E-18
5.410396E-11 2.679718E-18
5.443120E-11 2.691628E-18
5.475976E-11 2.739267E-18
5.508963E-11 2.751177E-18
5.542083E-11 2.798817E-18
5.575336E-11 2.822636E-18
5.608721E-11 2.834546E-18
5.642239E-11 2.858366E-18
5.675890E-11 2.906005E-18
5.709675E-11 2.953645E-18
5.777647E-11 2.989374E-18
5.811834E-11 3.025104E-18
5.846156E-11 3.037014E-18
5.880613E-11 3.096563E-18
5.915204E-11 3.120383E-18
5.949931E-11 3.144202E-18
5.984794E-11 3.191842E-18
6.019793E-11 3.215662E-18
6.054928E-11 3.251391E-18
6.090199E-11 3.275211E-18
6.125607E-11 3.299031E-18
6.196835E-11 3.334760E-18
6.232654E-11 3.394309E-18
6.268612E-11 3.406219E-18
6.304707E-11 3.453859E-18
6.340941E-11 3.501498E-18
6.377314E-11 3.513408E-18
6.413825E-11 3.561047E-18
6.450475E-11 3.608687E-18
6.487265E-11 3.620597E-18
6.524194E-11 3.668236E-18
6.561263E-11 3.703966E-18
6.598473E-11 3.739695E-18
6.635823E-11 3.763515E-18
6.673313E-11 3.811155E-18
6.710944E-11 3.823064E-18
6.748717E-11 3.858794E-18
6.786631E-11 3.906433E-18
6.824687E-11 3.965983E-18
6.862885E-11 3.989802E-18
6.901225E-11 4.037442E-18
6.939707E-11 4.049352E-18
6.978333E-11 4.096991E-18
7.017101E-11 4.144631E-18
7.056013E-11 4.180360E-18
7.134267E-11 4.251819E-18
7.173611E-11 4.275639E-18
7.213098E-11 4.335188E-18
7.252731E-11 4.370918E-18
7.292508E-11 4.382828E-18
7.332430E-11 4.442377E-18
7.372498E-11 4.490016E-18
7.412712E-11 4.537656E-18
7.453071E-11 4.561476E-18
7.493577E-11 4.597205E-18
7.534229E-11 4.644845E-18
7.575028E-11 4.692484E-18
7.615974E-11 4.752033E-18
7.657067E-11 4.787763E-18
7.698308E-11 4.823492E-18
7.739697E-11 4.859222E-18
7.781234E-11 4.871132E-18
7.822919E-11 4.918771E-18
7.864752E-11 4.990230E-18
7.906735E-11 5.049780E-18
7.948867E-11 5.061690E-18
7.991148E-11 5.133149E-18
8.033579E-11 5.192698E-18
8.076159E-11 5.216518E-18
8.118890E-11 5.276067E-18
8.161772E-11 5.335616E-18
8.204804E-11 5.371346E-18
8.247987E-11 5.430895E-18
8.291321E-11 5.442805E-18
8.334807E-11 5.502354E-18
8.378445E-11 5.538084E-18
8.422234E-11 5.621453E-18
8.466176E-11 5.657182E-18
8.510271E-11 5.704822E-18
8.554518E-11 5.740551E-18
8.598919E-11 5.788191E-18
8.643473E-11 5.835830E-18
8.688180E-11 5.895380E-18
8.733042E-11 5.931109E-18
8.778057E-11 6.002568E-18
8.823227E-11 6.074028E-18
8.868552E-11 6.109757E-18
8.914032E-11 6.181216E-18
8.959667E-11 6.205036E-18
9.005457E-11 6.288405E-18
9.051403E-11 6.300315E-18
9.097505E-11 6.359864E-18
9.143764E-11 6.419413E-18
9.190179E-11 6.443233E-18
9.236751E-11 6.514692E-18
9.283479E-11 6.586151E-18
9.330366E-11 6.645701E-18
9.377409E-11 6.705250E-18
9.424611E-11 6.740980E-18
9.471971E-11 6.812439E-18
9.519489E-11 6.860078E-18
9.567166E-11 6.919627E-18
9.615001E-11 6.991087E-18
9.662996E-11 7.026816E-18
9.711151E-11 7.110185E-18
9.759465E-11 7.145915E-18
9.807939E-11 7.229284E-18
9.856573E-11 7.276923E-18
9.905368E-11 7.348382E-18
9.954324E-11 7.407932E-18
1.000344E-10 7.467481E-18
1.005272E-10 7.503210E-18
1.010216E-10 7.598489E-18
1.015176E-10 7.658039E-18
1.020152E-10 7.705678E-18
1.025145E-10 7.765227E-18
1.030154E-10 7.812867E-18
1.035179E-10 7.884326E-18
1.040220E-10 7.955785E-18
1.045278E-10 8.003424E-18
1.050352E-10 8.086793E-18
1.055443E-10 8.146343E-18
1.060550E-10 8.217802E-18
1.065673E-10 8.277351E-18
1.070813E-10 8.348810E-18
1.075969E-10 8.420270E-18
1.081142E-10 8.515548E-18
1.086332E-10 8.539368E-18
1.091538E-10 8.646557E-18
1.096761E-10 8.694196E-18
1.102000E-10 8.789475E-18
1.107256E-10 8.837115E-18
1.112528E-10 8.920484E-18
1.117818E-10 8.980033E-18
1.123124E-10 9.027672E-18
1.128447E-10 9.099131E-18
1.133786E-10 9.194410E-18
1.139143E-10 9.265869E-18
1.144516E-10 9.325419E-18
1.149906E-10 9.396878E-18
1.155313E-10 9.468337E-18
1.160737E-10 9.551706E-18
1.166178E-10 9.623165E-18
1.171636E-10 9.706534E-18
1.177111E-10 9.766083E-18
1.182603E-10 9.873272E-18
1.188112E-10 9.920912E-18
1.193638E-10 1.002810E-17
1.199181E-10 1.009956E-17
1.204742E-10 1.015911E-17
1.210319E-10 1.024248E-17
1.215914E-10 1.033776E-17
1.221526E-10 1.040922E-17
1.227155E-10 1.048067E-17
1.232801E-10 1.055213E-17
1.238465E-10 1.062359E-17
1.244146E-10 1.074269E-17
1.249845E-10 1.081415E-17
1.255560E-10 1.090943E-17
1.261293E-10 1.098089E-17
1.267044E-10 1.105235E-17
1.272812E-10 1.114763E-17
1.278598E-10 1.121909E-17
1.284401E-10 1.131436E-17
1.290221E-10 1.140964E-17
1.296059E-10 1.145728E-17
1.301915E-10 1.157638E-17
1.307788E-10 1.164784E-17
1.313679E-10 1.176694E-17
1.319588E-10 1.186222E-17
1.325514E-10 1.193368E-17
1.331458E-10 1.202896E-17
1.337420E-10 1.210042E-17
1.343399E-10 1.219569E-17
1.349397E-10 1.226715E-17
1.355412E-10 1.236243E-17
1.361445E-10 1.245771E-17
1.367495E-10 1.255299E-17
1.373564E-10 1.267209E-17
1.379651E-10 1.274355E-17
1.385756E-10 1.286265E-17
1.391878E-10 1.291029E-17
1.398019E-10 1.300556E-17
1.404177E-10 1.312466E-17
1.410354E-10 1.319612E-17
1.416549E-10 1.329140E-17
1.422762E-10 1.338668E-17
1.428993E-10 1.345814E-17
1.435242E-10 1.360106E-17
1.441510E-10 1.372016E-17
1.447795E-10 1.383925E-17
1.454099E-10 1.393453E-17
1.460421E-10 1.402981E-17
1.466762E-10 1.412509E-17
1.473121E-10 1.422037E-17
1.479498E-10 1.431565E-17
1.485893E-10 1.441093E-17
1.492307E-10 1.453003E-17
1.498740E-10 1.460149E-17
1.505190E-10 1.474440E-17
1.511660E-10 1.488732E-17
1.518147E-10 1.498260E-17
1.524654E-10 1.503024E-17
1.531179E-10 1.517316E-17
1.537722E-10 1.526844E-17
1.544284E-10 1.538754E-17
1.550865E-10 1.550663E-17
1.557464E-10 1.560191E-17
1.564083E-10 1.572101E-17
1.570719E-10 1.581629E-17
1.577375E-10 1.593539E-17
1.584049E-10 1.605449E-17
1.590742E-10 1.617359E-17
1.597454E-10 1.626887E-17
1.604185E-10 1.634032E-17
1.610935E-10 1.650706E-17
1.617704E-10 1.662616E-17
1.624491E-10 1.674526E-17
1.631298E-10 1.684054E-17
1.638123E-10 1.693582E-17
1.644968E-10 1.712638E-17
1.651831E-10 1.719783E-17
1.658714E-10 1.734075E-17
1.665616E-10 1.743603E-17
1.672536E-10 1.757895E-17
1.679476E-10 1.767423E-17
1.686436E-10 1.779333E-17
1.693414E-10 1.796007E-17
1.700412E-10 1.807916E-17
1.707428E-10 1.822208E-17
1.714464E-10 1.834118E-17
1.721520E-10 1.843646E-17
1.728595E-10 1.855556E-17
1.735689E-10 1.869848E-17
1.742802E-10 1.884140E-17
1.749935E-10 1.893667E-17
1.757087E-10 1.905577E-17
1.764259E-10 1.922251E-17
1.771450E-10 1.931779E-17
1.778661E-10 1.946071E-17
1.785891E-10 1.957981E-17
1.793141E-10 1.974654E-17
1.800411E-10 1.986564E-17
1.807700E-10 1.998474E-17
1.815009E-10 2.010384E-17
1.822337E-10 2.024676E-17
1.829685E-10 2.038968E-17
1.837053E-10 2.055641E-17
1.844441E-10 2.067551E-17
1.851848E-10 2.084225E-17
1.859275E-10 2.096135E-17
1.866722E-10 2.110427E-17
1.874189E-10 2.124719E-17
1.881676E-10 2.136628E-17
1.889183E-10 2.153302E-17
1.896709E-10 2.167594E-17
1.904256E-10 2.179504E-17
1.911822E-10 2.196178E-17
1.919409E-10 2.210470E-17
1.927016E-10 2.227143E-17
1.934642E-10 2.241435E-17
1.942289E-10 2.258109E-17
1.949956E-10 2.270019E-17
1.957643E-10 2.286693E-17
1.965350E-10 2.298603E-17
1.973078E-10 2.315276E-17
1.980825E-10 2.329568E-17
1.988593E-10 2.343860E-17
1.996382E-10 2.360534E-17
2.004190E-10 2.377208E-17
2.012019E-10 2.389117E-17
2.019868E-10 2.401027E-17
2.027738E-10 2.417701E-17
2.035628E-10 2.439139E-17
2.043538E-10 2.453431E-17
2.051469E-10 2.470105E-17
2.059421E-10 2.486778E-17
2.067393E-10 2.501070E-17
2.075385E-10 2.517744E-17
2.083398E-10 2.534418E-17
2.091432E-10 2.551092E-17
2.099486E-10 2.567765E-17
2.107561E-10 2.582057E-17
2.115657E-10 2.596349E-17
2.123773E-10 2.615405E-17
2.131910E-10 2.632079E-17
2.140068E-10 2.651134E-17
2.148246E-10 2.663044E-17
2.156446E-10 2.682100E-17
2.164666E-10 2.701156E-17
2.172907E-10 2.717830E-17
2.181169E-10 2.736885E-17
2.189452E-10 2.753559E-17
2.197756E-10 2.772615E-17
2.206081E-10 2.789289E-17
2.214427E-10 2.808344E-17
2.222793E-10 2.820254E-17
2.231181E-10 2.844074E-17
2.239590E-10 2.858366E-17
2.248020E-10 2.872658E-17
2.256472E-10 2.894095E-17
2.264944E-10 2.910769E-17
2.273438E-10 2.927443E-17
2.281952E-10 2.951263E-17
2.290488E-10 2.965555E-17
2.299045E-10 2.984610E-17
2.307624E-10 3.006048E-17
2.316224E-10 3.025104E-17
2.324845E-10 3.041778E-17
2.333488E-10 3.060833E-17
2.342151E-10 3.079889E-17
2.350837E-10 3.101327E-17
2.359544E-10 3.118001E-17
2.368272E-10 3.137057E-17
2.377022E-10 3.156112E-17
2.385793E-10 3.172786E-17
2.394586E-10 3.196606E-17
2.403400E-10 3.215662E-17
2.412236E-10 3.237099E-17
2.421094E-10 3.256155E-17
2.429973E-10 3.275211E-17
2.438874E-10 3.294267E-17
2.447797E-10 3.315704E-17
2.456741E-10 3.334760E-17
2.465707E-10 3.360962E-17
2.474695E-10 3.375254E-17
2.483705E-10 3.396691E-17
2.492737E-10 3.418129E-17
2.501790E-10 3.439567E-17
2.510866E-10 3.456241E-17
2.519963E-10 3.480060E-17
2.529082E-10 3.499116E-17
2.538224E-10 3.518172E-17
2.547387E-10 3.541992E-17
2.556572E-10 3.561047E-17
2.565780E-10 3.584867E-17
2.575009E-10 3.606305E-17
2.584261E-10 3.625361E-17
2.593534E-10 3.651562E-17
2.602830E-10 3.673000E-17
2.612148E-10 3.694438E-17
2.621488E-10 3.715876E-17
2.630851E-10 3.737313E-17
2.640235E-10 3.758751E-17
2.649642E-10 3.782571E-17
2.659072E-10 3.806391E-17
2.668523E-10 3.832592E-17
2.677997E-10 3.851648E-17
2.687494E-10 3.873086E-17
2.697013E-10 3.894524E-17
2.706554E-10 3.920725E-17
2.716118E-10 3.939781E-17
2.725704E-10 3.963601E-17
2.735313E-10 3.989802E-17
2.744944E-10 4.011240E-17
2.754598E-10 4.035060E-17
2.764275E-10 4.058880E-17
2.773974E-10 4.082699E-17
2.783696E-10 4.106519E-17
2.793440E-10 4.127957E-17
2.803208E-10 4.154158E-17
2.812998E-10 4.175596E-17
2.822811E-10 4.206562E-17
2.832646E-10 4.228000E-17
2.842504E-10 4.247055E-17
2.852386E-10 4.278021E-17
2.862290E-10 4.301841E-17
2.872217E-10 4.325660E-17
2.882167E-10 4.349480E-17
2.892140E-10 4.375682E-17
2.902136E-10 4.401883E-17
2.912154E-10 4.430467E-17
2.922196E-10 4.451905E-17
2.932261E-10 4.478107E-17
2.942349E-10 4.501926E-17
2.952460E-10 4.528128E-17
2.962595E-10 4.556712E-17
2.972752E-10 4.582913E-17
2.982933E-10 4.609115E-17
2.993137E-10 4.632935E-17
3.003364E-10 4.663900E-17
3.013614E-10 4.685338E-17
3.023888E-10 4.716304E-17
3.034185E-10 4.742505E-17
3.044505E-10 4.768707E-17
3.054849E-10 4.797291E-17
3.065216E-10 4.821110E-17
3.075607E-10 4.849694E-17
3.086021E-10 4.875896E-17
3.096458E-10 4.904479E-17
3.106919E-10 4.930681E-17
3.117404E-10 4.956883E-17
3.127912E-10 4.987848E-17
3.138443E-10 5.016432E-17
3.148999E-10 5.045016E-17
3.159578E-10 5.073599E-17
3.170180E-10 5.099801E-17
3.180807E-10 5.128385E-17
3.191457E-10 5.156968E-17
3.202130E-10 5.187934E-17
3.212828E-10 5.214136E-17
3.223549E-10 5.245101E-17
3.234294E-10 5.273685E-17
3.245063E-10 5.302269E-17
3.255856E-10 5.333234E-17
3.266673E-10 5.364200E-17
3.277514E-10 5.395166E-17
3.288379E-10 5.423749E-17
3.299267E-10 5.454715E-17
3.310180E-10 5.483299E-17
3.321117E-10 5.514264E-17
3.332077E-10 5.542848E-17
3.343062E-10 5.573813E-17
3.354071E-10 5.604779E-17
3.365104E-10 5.635745E-17
3.376162E-10 5.669092E-17
3.387243E-10 5.695294E-17
3.398349E-10 5.728642E-17
3.409479E-10 5.757225E-17
3.420633E-10 5.785809E-17
3.431811E-10 5.819157E-17
3.443014E-10 5.852504E-17
3.454242E-10 5.881088E-17
3.465493E-10 5.916817E-17
3.476769E-10 5.947783E-17
3.488070E-10 5.983513E-17
3.499394E-10 6.014478E-17
3.510744E-10 6.050208E-17
3.522118E-10 6.078791E-17
3.533516E-10 6.112139E-17
3.544939E-10 6.143105E-17
3.556387E-10 6.178834E-17
3.567859E-10 6.205036E-17
3.579356E-10 6.243147E-17
3.590877E-10 6.278877E-17
3.602424E-10 6.309843E-17
3.613995E-10 6.343190E-17
3.625590E-10 6.378920E-17
3.637211E-10 6.414649E-17
3.648856E-10 6.447997E-17
3.660526E-10 6.481345E-17
3.672221E-10 6.519456E-17
3.683941E-10 6.550422E-17
3.695686E-10 6.586151E-17
3.707455E-10 6.619499E-17
3.719250E-10 6.655229E-17
3.731070E-10 6.693340E-17
3.742914E-10 6.726688E-17
3.754784E-10 6.764799E-17
3.766679E-10 6.798147E-17
3.778599E-10 6.831494E-17
3.790544E-10 6.869606E-17
3.802514E-10 6.905336E-17
3.814509E-10 6.943447E-17
3.826530E-10 6.981559E-17
3.838575E-10 7.017288E-17
3.850646E-10 7.055400E-17
3.862743E-10 7.088747E-17
3.874864E-10 7.124477E-17
3.887011E-10 7.162589E-17
3.899183E-10 7.200700E-17
3.911381E-10 7.238812E-17
3.923604E-10 7.276923E-17
3.935852E-10 7.315035E-17
3.948126E-10 7.353146E-17
3.960426E-10 7.391258E-17
3.972751E-10 7.429369E-17
3.985101E-10 7.467481E-17
3.997477E-10 7.505592E-17
4.009879E-10 7.546086E-17
4.022306E-10 7.584197E-17
4.034759E-10 7.622309E-17
4.047238E-10 7.665185E-17
4.059742E-10 7.700914E-17
4.072272E-10 7.743790E-17
4.084828E-10 7.779519E-17
4.097410E-10 7.822395E-17
4.110017E-10 7.860506E-17
4.122651E-10 7.901000E-17
4.135310E-10 7.939111E-17
4.147995E-10 7.981987E-17
4.160706E-10 8.022480E-17
4.173442E-10 8.065356E-17
4.186205E-10 8.105849E-17
4.198994E-10 8.146343E-17
4.211809E-10 8.186836E-17
4.224650E-10 8.236858E-17
4.237517E-10 8.277351E-17
4.250410E-10 8.315463E-17
4.263329E-10 8.353574E-17
4.276274E-10 8.398832E-17
4.289246E-10 8.448853E-17
4.302243E-10 8.484583E-17
4.315267E-10 8.525076E-17
4.328318E-10 8.570334E-17
4.341394E-10 8.613209E-17
4.354497E-10 8.660849E-17
4.367626E-10 8.703724E-17
4.380781E-10 8.744218E-17
4.393963E-10 8.784711E-17
4.407172E-10 8.837115E-17
1.487421E-09 6.706203E-16
3.525740E-09 2.826162E-15
6.886217E-09 8.624929E-15
1.189939E-08 2.146156E-14
1.889581E-08 4.638728E-14
2.820603E-08 9.043908E-14
4.016058E-08 1.629740E-13
5.509004E-08 2.759974E-13
7.332496E-08 4.444959E-13
9.519591E-08 6.867670E-13
1.210335E-07 1.024752E-12
1.511682E-07 1.484368E-12
1.859306E-07 2.095832E-12
2.256515E-07 2.894002E-12
2.706612E-07 3.918702E-12
3.212905E-07 5.215054E-12
3.778700E-07 6.833809E-12
4.407303E-07 8.831680E-12
5.102020E-07 1.127167E-11
5.866157E-07 1.422340E-11
6.703022E-07 1.776346E-11
7.615920E-07 2.197570E-11
8.608159E-07 2.695160E-11
9.683045E-07 3.279060E-11
1.084389E-06 3.960038E-11
1.209399E-06 4.749726E-11
1.343666E-06 5.660649E-11
1.487521E-06 6.706257E-11
1.641294E-06 7.900963E-11
1.805316E-06 9.260170E-11
1.979918E-06 1.080031E-10
2.165431E-06 1.253887E-10
2.362185E-06 1.449444E-10
2.570512E-06 1.668672E-10
2.790742E-06 1.913658E-10
3.023206E-06 2.186607E-10
3.268235E-06 2.489848E-10
3.526160E-06 2.825834E-10
3.797312E-06 3.197149E-10
4.082021E-06 3.606507E-10
4.380620E-06 4.056760E-10
4.693438E-06 4.550897E-10
5.020806E-06 5.092051E-10
5.363057E-06 5.683500E-10
5.720520E-06 6.328669E-10
6.093527E-06 7.031137E-10
6.482409E-06 7.794639E-10
6.887497E-06 8.623067E-10
7.309123E-06 9.520477E-10
7.747616E-06 1.049109E-09
8.203310E-06 1.153929E-09
8.676534E-06 1.266964E-09
9.167620E-06 1.388688E-09
9.676900E-06 1.519593E-09
1.020470E-05 1.660187E-09
1.075136E-05 1.810999E-09
1.131721E-05 1.972576E-09
1.190258E-05 2.145484E-09
1.250780E-05 2.330309E-09
1.313319E-05 2.527656E-09
1.377910E-05 2.738151E-09
1.444586E-05 2.962441E-09
1.513379E-05 3.201191E-09
1.584323E-05 3.455090E-09
1.657451E-05 3.724848E-09
1.732796E-05 4.011196E-09
1.810391E-05 4.314887E-09
1.890270E-05 4.636698E-09
1.972465E-05 4.977426E-09
2.057010E-05 5.337895E-09
2.143938E-05 5.718949E-09
2.233282E-05 6.121457E-09
2.325076E-05 6.546313E-09
2.419352E-05 6.994433E-09
2.516144E-05 7.466761E-09
2.615484E-05 7.964264E-09
2.717407E-05 8.487934E-09
2.821945E-05 9.038790E-09
2.929132E-05 9.617877E-09
3.039000E-05 1.022627E-08
3.151584E-05 1.086505E-08
3.266915E-05 1.153537E-08
3.385028E-05 1.223835E-08
3.505956E-05 1.297520E-08
3.629731E-05 1.374711E-08
3.756388E-05 1.455531E-08
3.885959E-05 1.540109E-08
4.018478E-05 1.628572E-08
4.153977E-05 1.721053E-08
4.292491E-05 1.817688E-08
4.434052E-05 1.918615E-08
4.578694E-05 2.023975E-08
4.726449E-05 2.133912E-08
4.877352E-05 2.248575E-08
5.031435E-05 2.368112E-08
5.188732E-05 2.492680E-08
5.349277E-05 2.622433E-08
5.513101E-05 2.757533E-08
5.680239E-05 2.898143E-08
5.850724E-05 3.044429E-08
6.024590E-05 3.196563E-08
6.201869E-05 3.354716E-08
6.382594E-05 3.519067E-08
6.566800E-05 3.689794E-08
6.754520E-05 3.867083E-08
6.945786E-05 4.051119E-08
7.140633E-05 4.242094E-08
7.339093E-05 4.440202E-08
7.541201E-05 4.645641E-08
7.746988E-05 4.858612E-08
7.956489E-05 5.079320E-08
8.169737E-05 5.307975E-08
8.386766E-05 5.544788E-08
8.607608E-05 5.789975E-08
8.832298E-05 6.043758E-08
9.060868E-05 6.306359E-08
9.293352E-05 6.578006E-08
9.529783E-05 6.858931E-08
9.770195E-05 7.149369E-08
1.001462E-04 7.449560E-08
1.026309E-04 7.759746E-08
1.051565E-04 8.080176E-08
1.077232E-04 8.411100E-08
1.103314E-04 8.752775E-08
1.129813E-04 9.105459E-08
1.156735E-04 9.469416E-08
1.184081E-04 9.844914E-08
1.211855E-04 1.023223E-07
1.240061E-04 1.063163E-07
1.268702E-04 1.104340E-07
1.297781E-04 1.146782E-07
1.327301E-04 1.190519E-07
1.357266E-04 1.235580E-07
1.387680E-04 1.281994E-07
1.418545E-04 1.329792E-07
1.449865E-04 1.379005E-07
1.481644E-04 1.429663E-07
1.513884E-04 1.481798E-07
1.546589E-04 1.535442E-07
1.579763E-04 1.590628E-07
1.613408E-04 1.647389E-07
1.647529E-04 1.705758E-07
1.682127E-04 1.765768E-07
1.717208E-04 1.827455E-07
1.752774E-04 1.890853E-07
1.788828E-04 1.955997E-07
1.825374E-04 2.022924E-07
1.862416E-04 2.091669E-07
1.899956E-04 2.162269E-07
1.937998E-04 2.234762E-07
1.976545E-04 2.309185E-07
2.015601E-04 2.385576E-07
2.055169E-04 2.463974E-07
2.095252E-04 2.544419E-07
2.135854E-04 2.626950E-07
2.176979E-04 2.711607E-07
2.218629E-04 2.798432E-07
2.260807E-04 2.887465E-07
2.303518E-04 2.978748E-07
2.346765E-04 3.072324E-07
2.390550E-04 3.168235E-07
2.434878E-04 3.266525E-07
2.479752E-04 3.367237E-07
2.525175E-04 3.470417E-07
2.571150E-04 3.576108E-07
2.617681E-04 3.684358E-07
2.664771E-04 3.795211E-07
2.712424E-04 3.908714E-07
2.760643E-04 4.024914E-07
2.809431E-04 4.143860E-07
2.858792E-04 4.265599E-07
2.908729E-04 4.390180E-07
2.959246E-04 4.517653E-07
3.010345E-04 4.648068E-07
3.062030E-04 4.781474E-07
3.114306E-04 4.917924E-07
3.167174E-04 5.057468E-07
3.220639E-04 5.200159E-07
3.274703E-04 5.346051E-07
3.329371E-04 5.495195E-07
3.384645E-04 5.647647E-07
3.440529E-04 5.803461E-07
3.497026E-04 5.962691E-07
3.554141E-04 6.125395E-07
3.611875E-04 6.291628E-07
3.670233E-04 6.461447E-07
3.729217E-04 6.634909E-07
3.788832E-04 6.812074E-07
3.849081E-04 6.992999E-07
3.909967E-04 7.177745E-07
3.971493E-04 7.366371E-07
4.033663E-04 7.558938E-07
4.096480E-04 7.755507E-07
4.159948E-04 7.956140E-07
4.224070E-04 8.160899E-07
4.288850E-04 8.369849E-07
4.354290E-04 8.583052E-07
4.420395E-04 8.800573E-07
4.487167E-04 9.022478E-07
4.554610E-04 9.248831E-07
4.622728E-04 9.479700E-07
4.691524E-04 9.715151E-07
4.761001E-04 9.955252E-07
4.831163E-04 1.020007E-06
4.902013E-04 1.044968E-06
4.973554E-04 1.070414E-06
5.045791E-04 1.096353E-06
5.118725E-04 1.122792E-06
5.192362E-04 1.149739E-06
5.266704E-04 1.177199E-06
5.341754E-04 1.205181E-06
5.417516E-04 1.233692E-06
5.493994E-04 1.262739E-06
5.571191E-04 1.292330E-06
5.649109E-04 1.322472E-06
5.727754E-04 1.353174E-06
5.807128E-04 1.384443E-06
5.887234E-04 1.416286E-06
5.968076E-04 1.448712E-06
6.049657E-04 1.481728E-06
6.131982E-04 1.515342E-06
6.215052E-04 1.549563E-06
6.298873E-04 1.584399E-06
6.383446E-04 1.619857E-06
6.468776E-04 1.655947E-06
6.554866E-04 1.692676E-06
6.641719E-04 1.730053E-06
6.729339E-04 1.768087E-06
6.817729E-04 1.806786E-06
6.906893E-04 1.846158E-06
6.996834E-04 1.886213E-06
7.087556E-04 1.926959E-06
7.179062E-04 1.968405E-06
7.271355E-04 2.010560E-06
7.364439E-04 2.053433E-06
7.458317E-04 2.097033E-06
7.552994E-04 2.141370E-06
7.648471E-04 2.186453E-06
7.744753E-04 2.232290E-06
7.841843E-04 2.278892E-06
7.939745E-04 2.326267E-06
8.038462E-04 2.374426E-06
8.137997E-04 2.423378E-06
8.238355E-04 2.473133E-06
8.339537E-04 2.523700E-06
8.441549E-04 2.575090E-06
8.544392E-04 2.627312E-06
8.648072E-04 2.680376E-06
8.752590E-04 2.734294E-06
8.857952E-04 2.789073E-06
8.964159E-04 2.844726E-06
9.071216E-04 2.901262E-06
9.179127E-04 2.958692E-06
9.287893E-04 3.017027E-06
9.397520E-04 3.076276E-06
9.508010E-04 3.136450E-06
9.619367E-04 3.197561E-06
9.731594E-04 3.259620E-06
9.844695E-04 3.322636E-06
9.958674E-04 3.386621E-06
1.007353E-03 3.451587E-06
1.018928E-03 3.517544E-06
1.030591E-03 3.584503E-06
1.042343E-03 3.652477E-06
1.054185E-03 3.721475E-06
1.066116E-03 3.791511E-06
1.078138E-03 3.862595E-06
1.090250E-03 3.934739E-06
1.102453E-03 4.007955E-06
1.114748E-03 4.082255E-06
1.127134E-03 4.157651E-06
1.139611E-03 4.234154E-06
1.152181E-03 4.311777E-06
1.164844E-03 4.390532E-06
1.177600E-03 4.470431E-06
1.190449E-03 4.551487E-06
1.203391E-03 4.633712E-06
1.216428E-03 4.717119E-06
1.229559E-03 4.801720E-06
1.242784E-03 4.887528E-06
1.256105E-03 4.974555E-06
1.269521E-03 5.062816E-06
1.283033E-03 5.152321E-06
1.296641E-03 5.243086E-06
1.310345E-03 5.335123E-06
1.324147E-03 5.428444E-06
1.338045E-03 5.523065E-06
1.352041E-03 5.618997E-06
1.366135E-03 5.716254E-06
1.380327E-03 5.814851E-06
1.394617E-03 5.914800E-06
1.409007E-03 6.016116E-06
1.423495E-03 6.118813E-06
1.438084E-03 6.222904E-06
1.452772E-03 6.328403E-06
1.467560E-03 6.435325E-06
1.482450E-03 6.543684E-06
1.497440E-03 6.653494E-06
1.512532E-03 6.764771E-06
1.527725E-03 6.877527E-06
1.543021E-03 6.991778E-06
1.558419E-03 7.107539E-06
1.573919E-03 7.224825E-06
1.589523E-03 7.343650E-06
1.605231E-03 7.464029E-06
1.621042E-03 7.585978E-06
1.636957E-03 7.709512E-06
1.652977E-03 7.834646E-06
1.669102E-03 7.961395E-06
1.685332E-03 8.089775E-06
1.701668E-03 8.219802E-06
1.718110E-03 8.351491E-06
1.734658E-03 8.484858E-06
1.751313E-03 8.619920E-06
1.768074E-03 8.756691E-06
1.784943E-03 8.895188E-06
1.801920E-03 9.035427E-06
1.819005E-03 9.177425E-06
1.836199E-03 9.321197E-06
1.853501E-03 9.466761E-06
1.870913E-03 9.614133E-06
1.888434E-03 9.763330E-06
1.906065E-03 9.914368E-06
1.923806E-03 1.006726E-05
1.941658E-03 1.022204E-05
1.959620E-03 1.037870E-05
1.977694E-03 1.053727E-05
1.995880E-03 1.069777E-05
2.014178E-03 1.086022E-05
2.032588E-03 1.102462E-05
2.051110E-03 1.119101E-05
2.069746E-03 1.135939E-05
2.088496E-03 1.152979E-05
2.107359E-03 1.170222E-05
2.126336E-03 1.187670E-05
2.145428E-03 1.205325E-05
2.164635E-03 1.223189E-05
2.183957E-03 1.241263E-05
2.203394E-03 1.259549E-05
2.222948E-03 1.278050E-05
2.242618E-03 1.296767E-05
2.262404E-03 1.315702E-05
2.282308E-03 1.334857E-05
2.302329E-03 1.354233E-05
2.322468E-03 1.373833E-05
2.342725E-03 1.393659E-05
2.363100E-03 1.413712E-05
2.383594E-03 1.433995E-05
2.404208E-03 1.454509E-05
2.424940E-03 1.475256E-05
2.445793E-03 1.496239E-05
2.466766E-03 1.517459E-05
2.487860E-03 1.538918E-05
2.509075E-03 1.560619E-05
2.530411E-03 1.582563E-05
2.551869E-03 1.604752E-05
2.573449E-03 1.627188E-05
2.595151E-03 1.649874E-05
2.616977E-03 1.672812E-05
2.638925E-03 1.696003E-05
2.660997E-03 1.719449E-05
2.683193E-03 1.743154E-05
2.705513E-03 1.767118E-05
2.727958E-03 1.791344E-05
2.750527E-03 1.815834E-05
2.773222E-03 1.840590E-05
2.796043E-03 1.865615E-05
2.818990E-03 1.890910E-05
2.842063E-03 1.916477E-05
2.865263E-03 1.942320E-05
2.888590E-03 1.968440E-05
2.912045E-03 1.994838E-05
2.935628E-03 2.021519E-05
2.959339E-03 2.048483E-05
2.983178E-03 2.075732E-05
3.007147E-03 2.103270E-05
3.031245E-03 2.131099E-05
3.055472E-03 2.159220E-05
3.079830E-03 2.187636E-05
3.104318E-03 2.216349E-05
3.128937E-03 2.245362E-05
3.153688E-03 2.274676E-05
3.178569E-03 2.304295E-05
3.203583E-03 2.334221E-05
3.228729E-03 2.364455E-05
3.254007E-03 2.395001E-05
3.279419E-03 2.425860E-05
3.304964E-03 2.457035E-05
3.330643E-03 2.488529E-05
3.356456E-03 2.520344E-05
3.382403E-03 2.552482E-05
3.408485E-03 2.584945E-05
3.434703E-03 2.617737E-05
3.461056E-03 2.650859E-05
3.487545E-03 2.684314E-05
3.514170E-03 2.718105E-05
3.540932E-03 2.752234E-05
3.567831E-03 2.786704E-05
3.594868E-03 2.821516E-05
3.622042E-03 2.856674E-05
3.649354E-03 2.892181E-05
3.676805E-03 2.928038E-05
3.704395E-03 2.964248E-05
3.732125E-03 3.000814E-05
3.759994E-03 3.037739E-05
3.788002E-03 3.075024E-05
3.816152E-03 3.112673E-05
3.844442E-03 3.150689E-05
3.872873E-03 3.189073E-05
3.901446E-03 3.227829E-05
3.930160E-03 3.266959E-05
3.959017E-03 3.306467E-05
3.988017E-03 3.346353E-05
4.017159E-03 3.386622E-05
4.046445E-03 3.427276E-05
4.075875E-03 3.468318E-05
4.105449E-03 3.509750E-05
4.135167E-03 3.551576E-05
4.165030E-03 3.593797E-05
4.195038E-03 3.636417E-05
4.225192E-03 3.679439E-05
4.255492E-03 3.722865E-05
4.285938E-03 3.766698E-05
4.316531E-03 3.810941E-05
4.347271E-03 3.855597E-05
4.378159E-03 3.900669E-05
4.409194E-03 3.946159E-05
4.440378E-03 3.992071E-05
4.471710E-03 4.038407E-05
4.503192E-03 4.085170E-05
4.534822E-03 4.132364E-05
4.566602E-03 4.179990E-05
4.598533E-03 4.228052E-05
4.630614E-03 4.276554E-05
4.662846E-03 4.325497E-05
4.695229E-03 4.374885E-05
4.727763E-03 4.424721E-05
4.760450E-03 4.475008E-05
4.793289E-03 4.525749E-05
4.826281E-03 4.576946E-05
4.859425E-03 4.628604E-05
4.892724E-03 4.680725E-05
4.926176E-03 4.733312E-05
4.959782E-03 4.786368E-05
4.993543E-03 4.839896E-05
5.027460E-03 4.893900E-05
5.061531E-03 4.948382E-05
5.095758E-03 5.003346E-05
5.130142E-03 5.058794E-05
5.164682E-03 5.114731E-05
5.199379E-03 5.171159E-05
5.234233E-03 5.228081E-05
5.269244E-03 5.285500E-05
5.304414E-03 5.343421E-05
5.339743E-03 5.401845E-05
5.375230E-03 5.460777E-05
5.410876E-03 5.520218E-05
5.446682E-03 5.580174E-05
5.482648E-03 5.640647E-05
5.518774E-03 5.701640E-05
5.555061E-03 5.763156E-05
5.591509E-03 5.825200E-05
5.628118E-03 5.887774E-05
5.664889E-03 5.950881E-05
5.701823E-03 6.014526E-05
5.738919E-03 6.078710E-05
5.776178E-03 6.143439E-05
5.813601E-03 6.208714E-05
5.851187E-03 6.274541E-05
5.888938E-03 6.340921E-05
5.926853E-03 6.407858E-05
5.964933E-03 6.475357E-05
6.003178E-03 6.543420E-05
6.041589E-03 6.612051E-05
6.080166E-03 6.681253E-05
6.118909E-03 6.751030E-05
6.157820E-03 6.821385E-05
6.196898E-03 6.892322E-05
6.236143E-03 6.963845E-05
6.275556E-03 7.035957E-05
6.315138E-03 7.108661E-05
6.354888E-03 7.181962E-05
6.394808E-03 7.255862E-05
6.434897E-03 7.330366E-05
6.475156E-03 7.405477E-05
6.515585E-03 7.481199E-05
6.556186E-03 7.557535E-05
6.596957E-03 7.634490E-05
6.637900E-03 7.712066E-05
6.679014E-03 7.790267E-05
6.720301E-03 7.869098E-05
6.761761E-03 7.948562E-05
6.803393E-03 8.028663E-05
6.845199E-03 8.109403E-05
6.887179E-03 8.190789E-05
6.929333E-03 8.272822E-05
6.971662E-03 8.355507E-05
7.014166E-03 8.438848E-05
7.056845E-03 8.522848E-05
7.099700E-03 8.607511E-05
7.142731E-03 8.692842E-05
7.185938E-03 8.778844E-05
7.229323E-03 8.865521E-05
7.272885E-03 8.952877E-05
7.316624E-03 9.040915E-05
7.360542E-03 9.129640E-05
7.404638E-03 9.219056E-05
7.448914E-03 9.309167E-05
7.493368E-03 9.399976E-05
7.538002E-03 9.491488E-05
7.582816E-03 9.583707E-05
7.627811E-03 9.676636E-05
7.672987E-03 9.770280E-05
7.718344E-03 9.864642E-05
7.763882E-03 9.959728E-05
7.809603E-03 1.005554E-04
7.855506E-03 1.015208E-04
7.901591E-03 1.024936E-04
7.947861E-03 1.034738E-04
7.994313E-03 1.044614E-04
8.040950E-03 1.054565E-04
8.087771E-03 1.064591E-04
8.134777E-03 1.074693E-04
8.181968E-03 1.084870E-04
8.229345E-03 1.095124E-04
8.276908E-03 1.105455E-04
8.324657E-03 1.115863E-04
8.372594E-03 1.126349E-04
8.420717E-03 1.136913E-04
8.469028E-03 1.147556E-04
8.517526E-03 1.158277E-04
8.566214E-03 1.169078E-04
8.615090E-03 1.179959E-04
8.664155E-03 1.190920E-04
8.713410E-03 1.201962E-04
8.762855E-03 1.213085E-04
8.812490E-03 1.224289E-04
8.862316E-03 1.235576E-04
8.912333E-03 1.246945E-04
8.962542E-03 1.258397E-04
9.012943E-03 1.269933E-04
9.063536E-03 1.281552E-04
9.114322E-03 1.293255E-04
9.165301E-03 1.305043E-04
9.216473E-03 1.316917E-04
9.267840E-03 1.328876E-04
9.319401E-03 1.340921E-04
9.371157E-03 1.353052E-04
9.423108E-03 1.365271E-04
9.475255E-03 1.377577E-04
9.527598E-03 1.389971E-04
9.580137E-03 1.402453E-04
9.632873E-03 1.415024E-04
9.685806E-03 1.427685E-04
9.738937E-03 1.440435E-04
9.792265E-03 1.453275E-04
9.845793E-03 1.466206E-04
9.899519E-03 1.479229E-04
9.953444E-03 1.492342E-04
1.000757E-02 1.505548E-04
1.006189E-02 1.518847E-04
1.011642E-02 1.532239E-04
1.017115E-02 1.545724E-04
1.022607E-02 1.559303E-04
1.028120E-02 1.572977E-04
1.033653E-02 1.586746E-04
1.039207E-02 1.600610E-04
1.044780E-02 1.614570E-04
1.050374E-02 1.628627E-04
1.055989E-02 1.642781E-04
1.061624E-02 1.657032E-04
1.067279E-02 1.671381E-04
1.072954E-02 1.685828E-04
1.078651E-02 1.700374E-04
1.084368E-02 1.715020E-04
1.090105E-02 1.729766E-04
1.095863E-02 1.744612E-04
1.101642E-02 1.759559E-04
1.107441E-02 1.774607E-04
1.113262E-02 1.789758E-04
1.119103E-02 1.805010E-04
1.124965E-02 1.820366E-04
1.130848E-02 1.835825E-04
1.136752E-02 1.851388E-04
1.142676E-02 1.867056E-04
1.148622E-02 1.882829E-04
1.154589E-02 1.898707E-04
1.160577E-02 1.914691E-04
1.166586E-02 1.930782E-04
1.172617E-02 1.946979E-04
1.178668E-02 1.963285E-04
1.184741E-02 1.979698E-04
1.190835E-02 1.996220E-04
1.196951E-02 2.012852E-04
1.203088E-02 2.029593E-04
1.209246E-02 2.046444E-04
1.215426E-02 2.063406E-04
1.221628E-02 2.080479E-04
1.227851E-02 2.097664E-04
1.234095E-02 2.114962E-04
1.240361E-02 2.132372E-04
1.246649E-02 2.149896E-04
1.252959E-02 2.167534E-04
1.259290E-02 2.185286E-04
1.265643E-02 2.203154E-04
1.272018E-02 2.221137E-04
1.278415E-02 2.239236E-04
1.284834E-02 2.257452E-04
1.291275E-02 2.275785E-04
1.297738E-02 2.294236E-04
1.304223E-02 2.312806E-04
1.310730E-02 2.331494E-04
1.317259E-02 2.350302E-04
1.323811E-02 2.369230E-04
1.330384E-02 2.388279E-04
1.336980E-02 2.407449E-04
1.343599E-02 2.426740E-04
1.350239E-02 2.446154E-04
1.356902E-02 2.465691E-04
1.363588E-02 2.485351E-04
1.370295E-02 2.505135E-04
1.377026E-02 2.525044E-04
1.383779E-02 2.545078E-04
1.390554E-02 2.565238E-04
1.397353E-02 2.585524E-04
1.404174E-02 2.605937E-04
1.411017E-02 2.626478E-04
1.417884E-02 2.647146E-04
1.424773E-02 2.667943E-04
1.431685E-02 2.688870E-04
1.438620E-02 2.709926E-04
1.445578E-02 2.731113E-04
1.452559E-02 2.752431E-04
1.459563E-02 2.773880E-04
1.466591E-02 2.795462E-04
1.473641E-02 2.817176E-04
1.480714E-02 2.839024E-04
1.487811E-02 2.861006E-04
1.494931E-02 2.883122E-04
1.502074E-02 2.905374E-04
1.509240E-02 2.927761E-04
1.516430E-02 2.950285E-04
1.523643E-02 2.972946E-04
1.530880E-02 2.995744E-04
1.538140E-02 3.018681E-04
1.545424E-02 3.041757E-04
1.552732E-02 3.064972E-04
1.560063E-02 3.088327E-04
1.567417E-02 3.111823E-04
1.574796E-02 3.135460E-04
1.582198E-02 3.159239E-04
1.589624E-02 3.183161E-04
1.597074E-02 3.207225E-04
1.604547E-02 3.231434E-04
1.612045E-02 3.255787E-04
1.619566E-02 3.280286E-04
1.627112E-02 3.304930E-04
1.634682E-02 3.329720E-04
1.642275E-02 3.354657E-04
1.649893E-02 3.379742E-04
1.657536E-02 3.404975E-04
1.665202E-02 3.430357E-04
1.672893E-02 3.455889E-04
1.680607E-02 3.481571E-04
1.688347E-02 3.507403E-04
1.696111E-02 3.533387E-04
1.703899E-02 3.559524E-04
1.711711E-02 3.585813E-04
1.719549E-02 3.612255E-04
1.727410E-02 3.638852E-04
1.735297E-02 3.665603E-04
1.743208E-02 3.692510E-04
1.751144E-02 3.719572E-04
1.759104E-02 3.746792E-04
1.767090E-02 3.774169E-04
1.775100E-02 3.801703E-04
1.783135E-02 3.829397E-04
1.791195E-02 3.857250E-04
1.799280E-02 3.885263E-04
1.807390E-02 3.913437E-04
1.815525E-02 3.941772E-04
1.823685E-02 3.970269E-04
1.831871E-02 3.998929E-04
1.840081E-02 4.027752E-04
1.848317E-02 4.056739E-04
1.856578E-02 4.085892E-04
1.864864E-02 4.115209E-04
1.873176E-02 4.144693E-04
1.881513E-02 4.174344E-04
1.889876E-02 4.204162E-04
1.898264E-02 4.234148E-04
1.906678E-02 4.264304E-04
1.915117E-02 4.294629E-04
1.923582E-02 4.325124E-04
1.932072E-02 4.355790E-04
1.940589E-02 4.386628E-04
1.949131E-02 4.417638E-04
1.957699E-02 4.448822E-04
1.966292E-02 4.480179E-04
1.974912E-02 4.511711E-04
1.983558E-02 4.543417E-04
1.992229E-02 4.575300E-04
2.000927E-02 4.607360E-04
2.009650E-02 4.639597E-04
2.018400E-02 4.672012E-04
2.027176E-02 4.704605E-04
2.035978E-02 4.737378E-04
2.044807E-02 4.770332E-04
2.053662E-02 4.803466E-04
2.062543E-02 4.836782E-04
2.071450E-02 4.870281E-04
2.080384E-02 4.903962E-04
2.089345E-02 4.937828E-04
2.098331E-02 4.971878E-04
2.107345E-02 5.006113E-04
2.116385E-02 5.040534E-04
2.125452E-02 5.075142E-04
2.134545E-02 5.109938E-04
2.143666E-02 5.144922E-04
2.152813E-02 5.180095E-04
2.161986E-02 5.215457E-04
2.171187E-02 5.251011E-04
2.180415E-02 5.286755E-04
2.189670E-02 5.322691E-04
2.198951E-02 5.358821E-04
2.208260E-02 5.395143E-04
2.217596E-02 5.431660E-04
2.226959E-02 5.468372E-04
2.236349E-02 5.505279E-04
2.245767E-02 5.542384E-04
2.255211E-02 5.579685E-04
2.264683E-02 5.617184E-04
2.274183E-02 5.654883E-04
2.283710E-02 5.692780E-04
2.293264E-02 5.730879E-04
2.302846E-02 5.769178E-04
2.312456E-02 5.807679E-04
2.322093E-02 5.846383E-04
2.331757E-02 5.885290E-04
2.341450E-02 5.924402E-04
2.351170E-02 5.963718E-04
2.360918E-02 6.003240E-04
2.370694E-02 6.042969E-04
2.380498E-02 6.082905E-04
2.390329E-02 6.123049E-04
2.400189E-02 6.163403E-04
2.410077E-02 6.203965E-04
2.419992E-02 6.244739E-04
2.429936E-02 6.285723E-04
2.439908E-02 6.326920E-04
2.449908E-02 6.368330E-04
2.459937E-02 6.409953E-04
2.469993E-02 6.451791E-04
2.480079E-02 6.493844E-04
2.490192E-02 6.536113E-04
2.500334E-02 6.578599E-04
2.510504E-02 6.621303E-04
2.520703E-02 6.664225E-04
2.530931E-02 6.707367E-04
2.541187E-02 6.750728E-04
2.551472E-02 6.794311E-04
2.561785E-02 6.838116E-04
2.572127E-02 6.882143E-04
2.582498E-02 6.926393E-04
2.592898E-02 6.970868E-04
2.603327E-02 7.015568E-04
2.613785E-02 7.060493E-04
2.624272E-02 7.105646E-04
2.634788E-02 7.151026E-04
2.645332E-02 7.196634E-04
2.655906E-02 7.242471E-04
2.666510E-02 7.288539E-04
2.677142E-02 7.334837E-04
2.687804E-02 7.381368E-04
2.698495E-02 7.428130E-04
2.709215E-02 7.475126E-04
2.719965E-02 7.522357E-04
2.730744E-02 7.569822E-04
2.741553E-02 7.617524E-04
2.752391E-02 7.665462E-04
2.763259E-02 7.713638E-04
2.774157E-02 7.762052E-04
2.785084E-02 7.810706E-04
2.796041E-02 7.859600E-04
2.807028E-02 7.908735E-04
2.818045E-02 7.958112E-04
2.829091E-02 8.007732E-04
2.840168E-02 8.057595E-04
2.851274E-02 8.107703E-04
2.862410E-02 8.158057E-04
2.873577E-02 8.208656E-04
2.884774E-02 8.259503E-04
2.896000E-02 8.310598E-04
2.907257E-02 8.361942E-04
2.918545E-02 8.413536E-04
2.929862E-02 8.465380E-04
2.941210E-02 8.517475E-04
2.952589E-02 8.569824E-04
2.963997E-02 8.622425E-04
2.975437E-02 8.675281E-04
2.986907E-02 8.728392E-04
2.998407E-02 8.781758E-04
3.009938E-02 8.835382E-04
3.021500E-02 8.889263E-04
3.033093E-02 8.943403E-04
3.044716E-02 8.997803E-04
3.056370E-02 9.052463E-04
3.068055E-02 9.107385E-04
3.079771E-02 9.162568E-04
3.091518E-02 9.218015E-04
3.103296E-02 9.273726E-04
3.115105E-02 9.329702E-04
3.126945E-02 9.385944E-04
3.138816E-02 9.442453E-04
3.150719E-02 9.499229E-04
3.162653E-02 9.556274E-04
3.174618E-02 9.613589E-04
3.186614E-02 9.671174E-04
3.198642E-02 9.729031E-04
3.210701E-02 9.787160E-04
3.222792E-02 9.845562E-04
3.234915E-02 9.904238E-04
3.247069E-02 9.963190E-04
3.259254E-02 1.002242E-03
3.271472E-02 1.008192E-03
3.283721E-02 1.014170E-03
3.296002E-02 1.020177E-03
3.308314E-02 1.026211E-03
3.320659E-02 1.032273E-03
3.333036E-02 1.038363E-03
3.345444E-02 1.044482E-03
3.357885E-02 1.050629E-03
3.370358E-02 1.056804E-03
3.382862E-02 1.063008E-03
3.395399E-02 1.069241E-03
3.407969E-02 1.075502E-03
3.420570E-02 1.081793E-03
3.433204E-02 1.088112E-03
3.445870E-02 1.094460E-03
3.458569E-02 1.100837E-03
3.471300E-02 1.107244E-03
3.484064E-02 1.113679E-03
3.496860E-02 1.120145E-03
3.509689E-02 1.126639E-03
3.522551E-02 1.133164E-03
3.535445E-02 1.139718E-03
3.548372E-02 1.146302E-03
3.561332E-02 1.152916E-03
3.574325E-02 1.159559E-03
3.587350E-02 1.166233E-03
3.600409E-02 1.172937E-03
3.613501E-02 1.179672E-03
3.626625E-02 1.186436E-03
3.639783E-02 1.193232E-03
3.652974E-02 1.200057E-03
3.666198E-02 1.206914E-03
3.679456E-02 1.213801E-03
3.692747E-02 1.220719E-03
3.706071E-02 1.227669E-03
3.719429E-02 1.234649E-03
3.732820E-02 1.241660E-03
3.746244E-02 1.248703E-03
3.759702E-02 1.255777E-03
3.773194E-02 1.262883E-03
3.786720E-02 1.270020E-03
3.800279E-02 1.277189E-03
3.813872E-02 1.284390E-03
3.827498E-02 1.291623E-03
3.841159E-02 1.298887E-03
3.854854E-02 1.306184E-03
3.868582E-02 1.313513E-03
3.882345E-02 1.320874E-03
3.896141E-02 1.328268E-03
3.909972E-02 1.335694E-03
3.923837E-02 1.343153E-03
3.937736E-02 1.350644E-03
3.951669E-02 1.358168E-03
3.965637E-02 1.365726E-03
3.979639E-02 1.373316E-03
3.993675E-02 1.380939E-03
4.007746E-02 1.388596E-03
4.021851E-02 1.396286E-03
4.035991E-02 1.404009E-03
4.050166E-02 1.411766E-03
4.064375E-02 1.419557E-03
4.078619E-02 1.427381E-03
4.092898E-02 1.435239E-03
4.107211E-02 1.443132E-03
4.121560E-02 1.451058E-03
4.135943E-02 1.459018E-03
4.150361E-02 1.467013E-03
4.164815E-02 1.475042E-03
4.179303E-02 1.483106E-03
4.193827E-02 1.491204E-03
4.208385E-02 1.499337E-03
4.222979E-02 1.507505E-03
4.237609E-02 1.515708E-03
4.252273E-02 1.523945E-03
4.266973E-02 1.532218E-03
4.281708E-02 1.540526E-03
4.296479E-02 1.548870E-03
4.311286E-02 1.557249E-03
4.326128E-02 1.565664E-03
4.341005E-02 1.574114E-03
4.355918E-02 1.582600E-03
4.370867E-02 1.591122E-03
4.385852E-02 1.599680E-03
4.400873E-02 1.608274E-03
4.415929E-02 1.616904E-03
4.431022E-02 1.625571E-03
4.446150E-02 1.634274E-03
4.461315E-02 1.643013E-03
4.476515E-02 1.651790E-03
4.491752E-02 1.660603E-03
4.507025E-02 1.669453E-03
4.522334E-02 1.678340E-03
4.537680E-02 1.687264E-03
4.553062E-02 1.696225E-03
4.568480E-02 1.705224E-03
4.583935E-02 1.714260E-03
4.599426E-02 1.723333E-03
4.614954E-02 1.732445E-03
4.630518E-02 1.741594E-03
4.646119E-02 1.750781E-03
4.661757E-02 1.760006E-03
4.677432E-02 1.769269E-03
4.693143E-02 1.778570E-03
4.708891E-02 1.787910E-03
4.724676E-02 1.797288E-03
4.740499E-02 1.806705E-03
4.756358E-02 1.816161E-03
4.772254E-02 1.825655E-03
4.788188E-02 1.835188E-03
4.804158E-02 1.844760E-03
4.820166E-02 1.854372E-03
4.836211E-02 1.864022E-03
4.852294E-02 1.873712E-03
4.868413E-02 1.883442E-03
4.884571E-02 1.893211E-03
4.900766E-02 1.903019E-03
4.916998E-02 1.912868E-03
4.933268E-02 1.922757E-03
4.949576E-02 1.932685E-03
4.965921E-02 1.942654E-03
4.982304E-02 1.952663E-03
4.998725E-02 1.962713E-03
5.015184E-02 1.972803E-03
5.031681E-02 1.982934E-03
5.048215E-02 1.993105E-03
5.064788E-02 2.003318E-03
5.081399E-02 2.013571E-03
5.098048E-02 2.023866E-03
5.114735E-02 2.034202E-03
5.131460E-02 2.044579E-03
5.148224E-02 2.054997E-03
5.165026E-02 2.065458E-03
5.181866E-02 2.075960E-03
5.198745E-02 2.086503E-03
5.215663E-02 2.097089E-03
5.232618E-02 2.107717E-03
5.249613E-02 2.118387E-03
5.266646E-02 2.129099E-03
5.283718E-02 2.139854E-03
5.300829E-02 2.150651E-03
5.317978E-02 2.161491E-03
5.335167E-02 2.172374E-03
5.352394E-02 2.183300E-03
5.369660E-02 2.194269E-03
5.386966E-02 2.205281E-03
5.404310E-02 2.216336E-03
5.421694E-02 2.227434E-03
5.439117E-02 2.238576E-03
5.456579E-02 2.249762E-03
5.474080E-02 2.260992E-03
5.491621E-02 2.272265E-03
5.509201E-02 2.283583E-03
5.526821E-02 2.294944E-03
5.544480E-02 2.306350E-03
5.562179E-02 2.317800E-03
5.579917E-02 2.329295E-03
5.597695E-02 2.340834E-03
5.615513E-02 2.352418E-03
5.633370E-02 2.364047E-03
5.651268E-02 2.375721E-03
5.669205E-02 2.387441E-03
5.687182E-02 2.399205E-03
5.705200E-02 2.411015E-03
5.723257E-02 2.422870E-03
5.741354E-02 2.434771E-03
5.759492E-02 2.446717E-03
5.777670E-02 2.458710E-03
5.795888E-02 2.470749E-03
5.814147E-02 2.482833E-03
5.832445E-02 2.494964E-03
5.850785E-02 2.507141E-03
5.869165E-02 2.519365E-03
5.887585E-02 2.531636E-03
5.906046E-02 2.543953E-03
6.882094E-02 3.222301E-03
7.966785E-02 4.034516E-03
9.167329E-02 4.998383E-03
1.049118E-01 6.132940E-03
1.194606E-01 7.458480E-03
1.353995E-01 8.996553E-03
1.528107E-01 1.076996E-02
1.717795E-01 1.280276E-02
1.923938E-01 1.512025E-02
2.147442E-01 1.774897E-02
2.389241E-01 2.071670E-02
2.650298E-01 2.405242E-02
2.931605E-01 2.778636E-02
3.234183E-01 3.194994E-02
3.559080E-01 3.657578E-02
3.907377E-01 4.169770E-02
4.280180E-01 4.735069E-02
4.678629E-01 5.357092E-02
5.103891E-01 6.039573E-02
5.557164E-01 6.786363E-02
6.039676E-01 7.601424E-02
6.552684E-01 8.488836E-02
7.097477E-01 9.452791E-02
7.675373E-01 1.049759E-01
8.287722E-01 1.162766E-01
8.935903E-01 1.284752E-01
9.621326E-01 1.416182E-01
1.034543E+00 1.557529E-01
1.110969E+00 1.709281E-01
1.191561E+00 1.871934E-01
1.276471E+00 2.045996E-01
1.365857E+00 2.231986E-01
1.459878E+00 2.430433E-01
1.558695E+00 2.641877E-01
1.662476E+00 2.866869E-01
1.771388E+00 3.105971E-01
1.885603E+00 3.359756E-01
2.005297E+00 3.628805E-01
2.130647E+00 3.913714E-01
2.261835E+00 4.215085E-01
2.399043E+00 4.533535E-01
2.542461E+00 4.869687E-01
2.692278E+00 5.224178E-01
2.848688E+00 5.597655E-01
3.011887E+00 5.990774E-01
3.182074E+00 6.404203E-01
3.359454E+00 6.838618E-01
3.544232E+00 7.294710E-01
3.736616E+00 7.773176E-01
3.936819E+00 8.274725E-01
4.145056E+00 8.800078E-01
4.361545E+00 9.349963E-01
4.586509E+00 9.925122E-01
4.820170E+00 1.052631E+00
5.062758E+00 1.115428E+00
5.314503E+00 1.180980E+00
5.575638E+00 1.249367E+00
5.846401E+00 1.320666E+00
6.127031E+00 1.394959E+00
6.417773E+00 1.472327E+00
6.718871E+00 1.552852E+00
7.030577E+00 1.636618E+00
7.353141E+00 1.723708E+00
7.686820E+00 1.814208E+00
8.031873E+00 1.908206E+00
8.388561E+00 2.005787E+00
8.757149E+00 2.107042E+00
9.137905E+00 2.212059E+00
9.531101E+00 2.320929E+00
9.937010E+00 2.433744E+00
1.035591E+01 2.550596E+00
1.078808E+01 2.671580E+00
1.123381E+01 2.796789E+00
1.169338E+01 2.926320E+00
1.216708E+01 3.060270E+00
1.265520E+01 3.198736E+00
1.315805E+01 3.341817E+00
1.367591E+01 3.489614E+00
1.420910E+01 3.642226E+00
1.475792E+01 3.799757E+00
1.532267E+01 3.962309E+00
1.590366E+01 4.129986E+00
1.650122E+01 4.302894E+00
1.711566E+01 4.481137E+00
1.774730E+01 4.664825E+00
1.839646E+01 4.854064E+00
1.906347E+01 5.048964E+00
1.974867E+01 5.249635E+00
2.045238E+01 5.456189E+00
2.117494E+01 5.668737E+00
2.191669E+01 5.887394E+00
2.267798E+01 6.112273E+00
2.345915E+01 6.343490E+00
2.426054E+01 6.581161E+00
2.508251E+01 6.825404E+00
2.592542E+01 7.076338E+00
2.678962E+01 7.334081E+00
2.767547E+01 7.598755E+00
2.858334E+01 7.870481E+00
2.951360E+01 8.149381E+00
3.046662E+01 8.435580E+00
3.144276E+01 8.729202E+00
3.244241E+01 9.030372E+00
3.346595E+01 9.339218E+00
3.451376E+01 9.655868E+00
3.558622E+01 9.980449E+00
3.668373E+01 1.031309E+01
3.780668E+01 1.065393E+01
3.895546E+01 1.100309E+01
4.013046E+01 1.136071E+01
4.133211E+01 1.172692E+01
4.256078E+01 1.210186E+01
4.381691E+01 1.248566E+01
4.510089E+01 1.287846E+01
4.641314E+01 1.328040E+01
4.775407E+01 1.369161E+01
4.912412E+01 1.411225E+01
5.052369E+01 1.454244E+01
5.195322E+01 1.498233E+01
5.341314E+01 1.543207E+01
5.490387E+01 1.589179E+01
5.642586E+01 1.636165E+01
5.797955E+01 1.684179E+01
5.956537E+01 1.733236E+01
6.118377E+01 1.783350E+01
6.283520E+01 1.834537E+01
6.452011E+01 1.886811E+01
6.623895E+01 1.940189E+01
6.799219E+01 1.994684E+01
6.978028E+01 2.050312E+01
7.160368E+01 2.107090E+01
7.346286E+01 2.165032E+01
7.535830E+01 2.224154E+01
7.729047E+01 2.284472E+01
7.925983E+01 2.346001E+01
8.126688E+01 2.408758E+01
8.331209E+01 2.472759E+01
8.539595E+01 2.538021E+01
8.751894E+01 2.604558E+01
8.968157E+01 2.672388E+01
9.188431E+01 2.741527E+01
9.412768E+01 2.811992E+01
9.641217E+01 2.883800E+01
9.873828E+01 2.956966E+01
1.011065E+02 3.031509E+01
1.035174E+02 3.107445E+01
1.059715E+02 3.184792E+01
1.084692E+02 3.263566E+01
1.110111E+02 3.343785E+01
1.135977E+02 3.425466E+01
1.162296E+02 3.508627E+01
1.189072E+02 3.593286E+01
1.216312E+02 3.679459E+01
1.244019E+02 3.767166E+01
1.272201E+02 3.856424E+01
1.300862E+02 3.947251E+01
1.330007E+02 4.039665E+01
1.359642E+02 4.133684E+01
1.389773E+02 4.229327E+01
1.420405E+02 4.326613E+01
1.451544E+02 4.425559E+01
1.483195E+02 4.526185E+01
1.515364E+02 4.628509E+01
1.548056E+02 4.732550E+01
1.581278E+02 4.838327E+01
1.615035E+02 4.945860E+01
1.649332E+02 5.055167E+01
1.684176E+02 5.166267E+01
1.719573E+02 5.279181E+01
1.755527E+02 5.393927E+01
1.792046E+02 5.510525E+01
1.829134E+02 5.628995E+01
1.866799E+02 5.749357E+01
1.905045E+02 5.871630E+01
1.943879E+02 5.995835E+01
1.983307E+02 6.121992E+01
2.023336E+02 6.250120E+01
2.063970E+02 6.380241E+01
2.105216E+02 6.512375E+01
2.147081E+02 6.646541E+01
2.189570E+02 6.782762E+01
2.232690E+02 6.921056E+01
2.276448E+02 7.061447E+01
2.320848E+02 7.203953E+01
2.365898E+02 7.348597E+01
2.411604E+02 7.495400E+01
2.457972E+02 7.644382E+01
2.505009E+02 7.795566E+01
2.552722E+02 7.948971E+01
2.601115E+02 8.104622E+01
2.650197E+02 8.262537E+01
2.699974E+02 8.422741E+01
2.750452E+02 8.585254E+01
2.801638E+02 8.750098E+01
2.853538E+02 8.917296E+01
2.906159E+02 9.086869E+01
2.959508E+02 9.258841E+01
3.013591E+02 9.433233E+01
3.068416E+02 9.610067E+01
3.123989E+02 9.789367E+01
3.180316E+02 9.971156E+01
3.237405E+02 1.015545E+02
3.295263E+02 1.034229E+02
3.353896E+02 1.053168E+02
3.413312E+02 1.072365E+02
3.473517E+02 1.091822E+02
3.534518E+02 1.111542E+02
3.596322E+02 1.131527E+02
3.658937E+02 1.151779E+02
3.722370E+02 1.172301E+02
3.786627E+02 1.193095E+02
3.851716E+02 1.214164E+02
3.917643E+02 1.235509E+02
3.984417E+02 1.257134E+02
4.052044E+02 1.279040E+02
4.120532E+02 1.301231E+02
4.189888E+02 1.323708E+02
4.260120E+02 1.346474E+02
4.331233E+02 1.369531E+02
4.403237E+02 1.392882E+02
4.476139E+02 1.416530E+02
4.549945E+02 1.440476E+02
4.624664E+02 1.464724E+02
4.700303E+02 1.489276E+02
4.776870E+02 1.514134E+02
4.854371E+02 1.539301E+02
4.932815E+02 1.564780E+02
5.012210E+02 1.590572E+02
5.092563E+02 1.616681E+02
5.173881E+02 1.643110E+02
5.256173E+02 1.669860E+02
5.339446E+02 1.696934E+02
5.423708E+02 1.724335E+02
5.508968E+02 1.752066E+02
5.595232E+02 1.780129E+02
5.682508E+02 1.808526E+02
5.770805E+02 1.837261E+02
5.860131E+02 1.866336E+02
5.950493E+02 1.895754E+02
6.041900E+02 1.925517E+02
6.134359E+02 1.955629E+02
6.227880E+02 1.986091E+02
6.322468E+02 2.016906E+02
6.418134E+02 2.048078E+02
6.514885E+02 2.079609E+02
6.612729E+02 2.111501E+02
6.711675E+02 2.143758E+02
6.811730E+02 2.176381E+02
6.912904E+02 2.209375E+02
7.015204E+02 2.242742E+02
7.118639E+02 2.276484E+02
7.223217E+02 2.310604E+02
7.328947E+02 2.345105E+02
7.435836E+02 2.379990E+02
7.543895E+02 2.415262E+02
7.653130E+02 2.450924E+02
7.763551E+02 2.486978E+02
7.875166E+02 2.523427E+02
7.987984E+02 2.560274E+02
8.102013E+02 2.597523E+02
8.217262E+02 2.635175E+02
8.333741E+02 2.673234E+02
8.451456E+02 2.711703E+02
8.570418E+02 2.750585E+02
8.690635E+02 2.789882E+02
8.812116E+02 2.829598E+02
8.934870E+02 2.869735E+02
9.058905E+02 2.910296E+02
9.184231E+02 2.951285E+02
9.310857E+02 2.992705E+02
9.438791E+02 3.034558E+02
9.568042E+02 3.076847E+02
9.698620E+02 3.119575E+02
9.830534E+02 3.162746E+02
9.963792E+02 3.206363E+02
1.009840E+03 3.250428E+02
1.023438E+03 3.294944E+02
1.037173E+03 3.339915E+02
1.051046E+03 3.385344E+02
1.065058E+03 3.431234E+02
1.079210E+03 3.477588E+02
1.093502E+03 3.524408E+02
1.107937E+03 3.571699E+02
1.122515E+03 3.619463E+02
1.137236E+03 3.667703E+02
1.152102E+03 3.716423E+02
1.167114E+03 3.765626E+02
1.182272E+03 3.815314E+02
1.197578E+03 3.865491E+02
1.213032E+03 3.916161E+02
1.228636E+03 3.967326E+02
1.244390E+03 4.018990E+02
1.260296E+03 4.071155E+02
1.276353E+03 4.123826E+02
1.292565E+03 4.177005E+02
1.308930E+03 4.230696E+02
1.325451E+03 4.284901E+02
1.342128E+03 4.339625E+02
1.358963E+03 4.394870E+02
1.375955E+03 4.450640E+02
1.393107E+03 4.506937E+02
1.410419E+03 4.563766E+02
1.427892E+03 4.621130E+02
1.445528E+03 4.679032E+02
1.463327E+03 4.737474E+02
1.481290E+03 4.796462E+02
1.499418E+03 4.855998E+02
1.517712E+03 4.916085E+02
1.536174E+03 4.976727E+02
1.554804E+03 5.037927E+02
1.573603E+03 5.099688E+02
1.592573E+03 5.162015E+02
1.611714E+03 5.224910E+02
1.631028E+03 5.288377E+02
1.650514E+03 5.352420E+02
1.670176E+03 5.417041E+02
1.690013E+03 5.482244E+02
1.710026E+03 5.548033E+02
1.730217E+03 5.614412E+02
1.750587E+03 5.681383E+02
1.771136E+03 5.748950E+02
1.791866E+03 5.817117E+02
1.812778E+03 5.885888E+02
1.833873E+03 5.955265E+02
1.855152E+03 6.025253E+02
1.876616E+03 6.095854E+02
1.898265E+03 6.167074E+02
1.920102E+03 6.238914E+02
1.942128E+03 6.311379E+02
1.964342E+03 6.384472E+02
1.986747E+03 6.458197E+02
2.009344E+03 6.532558E+02
2.032133E+03 6.607558E+02
2.055116E+03 6.683201E+02
2.078293E+03 6.759490E+02
2.101667E+03 6.836429E+02
2.125237E+03 6.914022E+02
2.149005E+03 6.992273E+02
2.172973E+03 7.071185E+02
2.197141E+03 7.150761E+02
2.221510E+03 7.231007E+02
2.246082E+03 7.311925E+02
2.270858E+03 7.393518E+02
2.295838E+03 7.475792E+02
2.321025E+03 7.558749E+02
2.346418E+03 7.642394E+02
2.372019E+03 7.726730E+02
2.397830E+03 7.811760E+02
2.423851E+03 7.897490E+02
2.450084E+03 7.983922E+02
2.476530E+03 8.071060E+02
2.503189E+03 8.158909E+02
2.530064E+03 8.247471E+02
2.557154E+03 8.336752E+02
2.584462E+03 8.426754E+02
2.611989E+03 8.517482E+02
2.639735E+03 8.608939E+02
2.667702E+03 8.701130E+02
2.695891E+03 8.794058E+02
2.724304E+03 8.887727E+02
2.752940E+03 8.982141E+02
2.781802E+03 9.077305E+02
2.810891E+03 9.173221E+02
2.840208E+03 9.269895E+02
2.869754E+03 9.367329E+02
2.899531E+03 9.465529E+02
2.929538E+03 9.564497E+02
2.959779E+03 9.664238E+02
2.990253E+03 9.764756E+02
3.020963E+03 9.866055E+02
3.051909E+03 9.968139E+02
3.083092E+03 1.007101E+03
3.114514E+03 1.017468E+03
3.146176E+03 1.027914E+03
3.178079E+03 1.038440E+03
3.210225E+03 1.049047E+03
3.242614E+03 1.059735E+03
3.275248E+03 1.070504E+03
3.308128E+03 1.081355E+03
3.341256E+03 1.092289E+03
3.374632E+03 1.103304E+03
3.408258E+03 1.114403E+03
3.442135E+03 1.125585E+03
3.476264E+03 1.136851E+03
3.510647E+03 1.148201E+03
3.545284E+03 1.159636E+03
3.580178E+03 1.171156E+03
3.615329E+03 1.182761E+03
3.650739E+03 1.194453E+03
3.686408E+03 1.206230E+03
3.722339E+03 1.218095E+03
3.758532E+03 1.230046E+03
3.794988E+03 1.242086E+03
3.831710E+03 1.254213E+03
3.868698E+03 1.266429E+03
3.905953E+03 1.278733E+03
3.943477E+03 1.291127E+03
3.981271E+03 1.303611E+03
4.019337E+03 1.316185E+03
4.057676E+03 1.328850E+03
4.096288E+03 1.341605E+03
4.135176E+03 1.354453E+03
4.174340E+03 1.367392E+03
4.213782E+03 1.380423E+03
4.253504E+03 1.393547E+03
4.293506E+03 1.406765E+03
4.333790E+03 1.420076E+03
4.374357E+03 1.433481E+03
4.415208E+03 1.446981E+03
4.456346E+03 1.460576E+03
4.497771E+03 1.474266E+03
4.539484E+03 1.488052E+03
4.581487E+03 1.501935E+03
4.623781E+03 1.515914E+03
4.666368E+03 1.529991E+03
4.709248E+03 1.544165E+03
4.752424E+03 1.558437E+03
4.795897E+03 1.572808E+03
4.839667E+03 1.587278E+03
4.883737E+03 1.601848E+03
4.928108E+03 1.616517E+03
4.972780E+03 1.631287E+03
5.017756E+03 1.646158E+03
5.063037E+03 1.661130E+03
5.108624E+03 1.676204E+03
5.154518E+03 1.691380E+03
5.200721E+03 1.706659E+03
5.247235E+03 1.722040E+03
5.294060E+03 1.737526E+03
5.341199E+03 1.753116E+03
5.388652E+03 1.768810E+03
5.436420E+03 1.784609E+03
5.484506E+03 1.800514E+03
5.532911E+03 1.816524E+03
5.581636E+03 1.832641E+03
5.630682E+03 1.848865E+03
5.680052E+03 1.865197E+03
5.729745E+03 1.881636E+03
5.779765E+03 1.898183E+03
5.830111E+03 1.914839E+03
5.880786E+03 1.931605E+03
5.931791E+03 1.948480E+03
5.983128E+03 1.965466E+03
6.034797E+03 1.982562E+03
6.086801E+03 1.999769E+03
6.139141E+03 2.017088E+03
6.191817E+03 2.034519E+03
6.244833E+03 2.052063E+03
6.298188E+03 2.069719E+03
6.351885E+03 2.087490E+03
6.405925E+03 2.105374E+03
6.460310E+03 2.123373E+03
6.515041E+03 2.141487E+03
6.570118E+03 2.159717E+03
6.625545E+03 2.178062E+03
6.681322E+03 2.196524E+03
6.737451E+03 2.215103E+03
6.793934E+03 2.233800E+03
6.850771E+03 2.252614E+03
6.907964E+03 2.271547E+03
6.965515E+03 2.290599E+03
7.023425E+03 2.309771E+03
7.081696E+03 2.329062E+03
7.140330E+03 2.348474E+03
7.199327E+03 2.368007E+03
7.258689E+03 2.387661E+03
7.318418E+03 2.407437E+03
7.378515E+03 2.427336E+03
7.438982E+03 2.447358E+03
7.499821E+03 2.467503E+03
7.561032E+03 2.487772E+03
7.622617E+03 2.508166E+03
7.684578E+03 2.528685E+03
7.746917E+03 2.549329E+03
7.809634E+03 2.570099E+03
7.872732E+03 2.590996E+03
7.936212E+03 2.612020E+03
8.000076E+03 2.633171E+03
8.064324E+03 2.654451E+03
8.128959E+03 2.675859E+03
8.193982E+03 2.697396E+03
8.259395E+03 2.719063E+03
8.325200E+03 2.740860E+03
8.391397E+03 2.762787E+03
8.457988E+03 2.784846E+03
8.524975E+03 2.807037E+03
8.592360E+03 2.829359E+03
8.660144E+03 2.851815E+03
8.728329E+03 2.874404E+03
8.796916E+03 2.897126E+03
8.865906E+03 2.919983E+03
8.935302E+03 2.942975E+03
9.005105E+03 2.966102E+03
9.075317E+03 2.989365E+03
9.145939E+03 3.012765E+03
9.216972E+03 3.036301E+03
9.288419E+03 3.059975E+03
9.360281E+03 3.083787E+03
9.432560E+03 3.107738E+03
9.505256E+03 3.131827E+03
9.578373E+03 3.156057E+03
9.651910E+03 3.180426E+03
9.725871E+03 3.204937E+03
9.800257E+03 3.229588E+03
9.875069E+03 3.254382E+03
9.950308E+03 3.279317E+03
1.002598E+04 3.304396E+03
1.010208E+04 3.329618E+03
1.017861E+04 3.354984E+03
1.025558E+04 3.380495E+03
1.033298E+04 3.406151E+03
1.041082E+04 3.431952E+03
1.048910E+04 3.457900E+03
1.056783E+04 3.483994E+03
1.064699E+04 3.510235E+03
1.072660E+04 3.536625E+03
1.080665E+04 3.563162E+03
1.088716E+04 3.589849E+03
1.096811E+04 3.616685E+03
1.104951E+04 3.643672E+03
1.113137E+04 3.670809E+03
1.121368E+04 3.698097E+03
1.129644E+04 3.725536E+03
1.137967E+04 3.753128E+03
1.146335E+04 3.780873E+03
1.154749E+04 3.808772E+03
1.163210E+04 3.836824E+03
1.171717E+04 3.865031E+03
1.180271E+04 3.893393E+03
1.188871E+04 3.921911E+03
1.197519E+04 3.950585E+03
1.206213E+04 3.979415E+03
1.214955E+04 4.008404E+03
1.223745E+04 4.037550E+03
1.232582E+04 4.066854E+03
1.241467E+04 4.096318E+03
1.250399E+04 4.125941E+03
1.259380E+04 4.155725E+03
1.268410E+04 4.185670E+03
1.277487E+04 4.215776E+03
1.286614E+04 4.246044E+03
1.295789E+04 4.276474E+03
1.305014E+04 4.307068E+03
1.314287E+04 4.337825E+03
1.323610E+04 4.368747E+03
1.332983E+04 4.399833E+03
1.342405E+04 4.431085E+03
1.351877E+04 4.462504E+03
1.361399E+04 4.494088E+03
1.370972E+04 4.525840E+03
1.380595E+04 4.557760E+03
1.390268E+04 4.589848E+03
1.399993E+04 4.622106E+03
1.409768E+04 4.654533E+03
1.419594E+04 4.687130E+03
1.429472E+04 4.719898E+03
1.439401E+04 4.752837E+03
1.449382E+04 4.785948E+03
1.459415E+04 4.819232E+03
1.469500E+04 4.852689E+03
1.479637E+04 4.886320E+03
1.489826E+04 4.920125E+03
1.500068E+04 4.954105E+03
1.510363E+04 4.988261E+03
1.520710E+04 5.022593E+03
1.531111E+04 5.057101E+03
1.541565E+04 5.091787E+03
1.552073E+04 5.126651E+03
1.562634E+04 5.161694E+03
1.573249E+04 5.196916E+03
1.583918E+04 5.232318E+03
1.594642E+04 5.267900E+03
1.605419E+04 5.303663E+03
1.616252E+04 5.339608E+03
1.627139E+04 5.375735E+03
1.638081E+04 5.412045E+03
1.649078E+04 5.448539E+03
1.660130E+04 5.485216E+03
1.671238E+04 5.522079E+03
1.682402E+04 5.559126E+03
1.693622E+04 5.596360E+03
1.704897E+04 5.633780E+03
1.716229E+04 5.671388E+03
1.727617E+04 5.709183E+03
1.739062E+04 5.747167E+03
1.750564E+04 5.785340E+03
1.762123E+04 5.823703E+03
1.773739E+04 5.862256E+03
1.785412E+04 5.901000E+03
1.797143E+04 5.939935E+03
1.808931E+04 5.979063E+03
1.820778E+04 6.018384E+03
1.832683E+04 6.057898E+03
1.844646E+04 6.097606E+03
1.856667E+04 6.137510E+03
1.868747E+04 6.177608E+03
1.880886E+04 6.217902E+03
1.893085E+04 6.258394E+03
1.905342E+04 6.299082E+03
1.917659E+04 6.339969E+03
1.930035E+04 6.381054E+03
1.942472E+04 6.422338E+03
1.954968E+04 6.463822E+03
1.967525E+04 6.505507E+03
1.980142E+04 6.547393E+03
1.992820E+04 6.589480E+03
2.005559E+04 6.631770E+03
2.018358E+04 6.674263E+03
2.031219E+04 6.716960E+03
2.044141E+04 6.759862E+03
2.057125E+04 6.802968E+03
2.070171E+04 6.846280E+03
2.083278E+04 6.889799E+03
2.096448E+04 6.933524E+03
2.109680E+04 6.977457E+03
2.122975E+04 7.021599E+03
2.136333E+04 7.065949E+03
2.149753E+04 7.110509E+03
2.163237E+04 7.155280E+03
2.176784E+04 7.200261E+03
2.190394E+04 7.245454E+03
2.204069E+04 7.290860E+03
2.217807E+04 7.336478E+03
2.231610E+04 7.382310E+03
2.245477E+04 7.428356E+03
2.259408E+04 7.474617E+03
2.273404E+04 7.521093E+03
2.287465E+04 7.567786E+03
2.301592E+04 7.614696E+03
2.315783E+04 7.661824E+03
2.330041E+04 7.709169E+03
2.344364E+04 7.756734E+03
2.358753E+04 7.804518E+03
2.373208E+04 7.852523E+03
2.387729E+04 7.900749E+03
2.402318E+04 7.949196E+03
2.416973E+04 7.997866E+03
2.431695E+04 8.046759E+03
2.446484E+04 8.095875E+03
2.461340E+04 8.145216E+03
2.476264E+04 8.194782E+03
2.491256E+04 8.244573E+03
2.506316E+04 8.294591E+03
2.521444E+04 8.344836E+03
2.536641E+04 8.395309E+03
2.551906E+04 8.446011E+03
2.567240E+04 8.496941E+03
2.582643E+04 8.548102E+03
2.598115E+04 8.599493E+03
2.613657E+04 8.651115E+03
2.629269E+04 8.702969E+03
2.644950E+04 8.755056E+03
2.660701E+04 8.807376E+03
2.676523E+04 8.859930E+03
2.692415E+04 8.912719E+03
2.708378E+04 8.965743E+03
2.724412E+04 9.019004E+03
2.740517E+04 9.072501E+03
2.756693E+04 9.126236E+03
2.772941E+04 9.180209E+03
2.789261E+04 9.234421E+03
2.805652E+04 9.288872E+03
2.822116E+04 9.343564E+03
2.838652E+04 9.398497E+03
2.855261E+04 9.453671E+03
2.871942E+04 9.509088E+03
2.888697E+04 9.564748E+03
2.905524E+04 9.620653E+03
2.922426E+04 9.676801E+03
2.939401E+04 9.733195E+03
2.956449E+04 9.789835E+03
2.973572E+04 9.846722E+03
2.990770E+04 9.903856E+03
3.008041E+04 9.961238E+03
3.025388E+04 1.001887E+04
3.042809E+04 1.007675E+04
3.060306E+04 1.013488E+04
3.077878E+04 1.019326E+04
3.095525E+04 1.025190E+04
3.113249E+04 1.031078E+04
3.131048E+04 1.036992E+04
3.148924E+04 1.042931E+04
3.166876E+04 1.048896E+04
3.184905E+04 1.054887E+04
3.203011E+04 1.060903E+04
3.221194E+04 1.066944E+04
3.239454E+04 1.073012E+04
3.257792E+04 1.079105E+04
3.276207E+04 1.085224E+04
3.294701E+04 1.091369E+04
3.313273E+04 1.097540E+04
3.331923E+04 1.103737E+04
3.350652E+04 1.109961E+04
3.369460E+04 1.116210E+04
3.388347E+04 1.122486E+04
3.407313E+04 1.128789E+04
3.426359E+04 1.135118E+04
3.445485E+04 1.141473E+04
3.464690E+04 1.147856E+04
3.483976E+04 1.154264E+04
3.503342E+04 1.160700E+04
3.522789E+04 1.167163E+04
3.542317E+04 1.173652E+04
3.561926E+04 1.180169E+04
3.581616E+04 1.186712E+04
3.601388E+04 1.193283E+04
3.621242E+04 1.199881E+04
3.641177E+04 1.206506E+04
3.661195E+04 1.213159E+04
3.681296E+04 1.219839E+04
3.701479E+04 1.226546E+04
3.721745E+04 1.233282E+04
3.742094E+04 1.240045E+04
3.762526E+04 1.246835E+04
3.783042E+04 1.253654E+04
3.803642E+04 1.260500E+04
3.824326E+04 1.267375E+04
3.845094E+04 1.274277E+04
3.865947E+04 1.281208E+04
3.886884E+04 1.288167E+04
3.907907E+04 1.295154E+04
3.929015E+04 1.302169E+04
3.950208E+04 1.309213E+04
3.971486E+04 1.316286E+04
3.992851E+04 1.323387E+04
4.014302E+04 1.330517E+04
4.035839E+04 1.337676E+04
4.057463E+04 1.344863E+04
4.079173E+04 1.352079E+04
4.100971E+04 1.359325E+04
4.122856E+04 1.366599E+04
4.144828E+04 1.373902E+04
4.166888E+04 1.381235E+04
4.189036E+04 1.388597E+04
4.211273E+04 1.395989E+04
4.233597E+04 1.403409E+04
4.256011E+04 1.410860E+04
4.278513E+04 1.418340E+04
4.301105E+04 1.425850E+04
4.323786E+04 1.433389E+04
4.346556E+04 1.440958E+04
4.369417E+04 1.448558E+04
4.392367E+04 1.456187E+04
4.415408E+04 1.463846E+04
4.438539E+04 1.471536E+04
4.461762E+04 1.479255E+04
4.485075E+04 1.487006E+04
4.508479E+04 1.494786E+04
4.531975E+04 1.502597E+04
4.555563E+04 1.510438E+04
4.579243E+04 1.518311E+04
4.603015E+04 1.526213E+04
4.626880E+04 1.534147E+04
4.650837E+04 1.542112E+04
4.674887E+04 1.550107E+04
4.699030E+04 1.558134E+04
4.723267E+04 1.566191E+04
4.747598E+04 1.574280E+04
4.772022E+04 1.582400E+04
4.796541E+04 1.590552E+04
4.821154E+04 1.598735E+04
4.845861E+04 1.606949E+04
4.870664E+04 1.615195E+04
4.895561E+04 1.623473E+04
4.920554E+04 1.631782E+04
4.945643E+04 1.640124E+04
4.970828E+04 1.648497E+04
4.996108E+04 1.656902E+04
5.021485E+04 1.665340E+04
5.046959E+04 1.673809E+04
5.072529E+04 1.682311E+04
5.098196E+04 1.690845E+04
5.123961E+04 1.699412E+04
5.149824E+04 1.708011E+04
5.175784E+04 1.716642E+04
5.201842E+04 1.725306E+04
5.227998E+04 1.734003E+04
5.254254E+04 1.742733E+04
5.280608E+04 1.751496E+04
5.307060E+04 1.760292E+04
5.333613E+04 1.769121E+04
5.360265E+04 1.777983E+04
5.387016E+04 1.786878E+04
5.413868E+04 1.795806E+04
5.440820E+04 1.804768E+04
5.467872E+04 1.813764E+04
5.495026E+04 1.822793E+04
5.522280E+04 1.831855E+04
5.549636E+04 1.840952E+04
5.577093E+04 1.850082E+04
5.604652E+04 1.859246E+04
5.632313E+04 1.868444E+04
5.660076E+04 1.877676E+04
5.687942E+04 1.886943E+04
5.715911E+04 1.896243E+04
5.743983E+04 1.905578E+04
5.772158E+04 1.914947E+04
5.800436E+04 1.924351E+04
5.828819E+04 1.933790E+04
5.857305E+04 1.943263E+04
5.885896E+04 1.952770E+04
5.914592E+04 1.962313E+04
5.943392E+04 1.971891E+04
5.972297E+04 1.981503E+04
6.001308E+04 1.991151E+04
6.030424E+04 2.000834E+04
6.059647E+04 2.010552E+04
6.088975E+04 2.020305E+04
6.118410E+04 2.030094E+04
6.147951E+04 2.039918E+04
6.177599E+04 2.049778E+04
6.207354E+04 2.059674E+04
6.237217E+04 2.069605E+04
6.267188E+04 2.079573E+04
6.297266E+04 2.089576E+04
6.327452E+04 2.099615E+04
6.357747E+04 2.109691E+04
6.388151E+04 2.119802E+04
6.418663E+04 2.129950E+04
6.449285E+04 2.140134E+04
6.480017E+04 2.150355E+04
6.510858E+04 2.160612E+04
6.541809E+04 2.170906E+04
6.572870E+04 2.181237E+04
6.604042E+04 2.191604E+04
6.635324E+04 2.202009E+04
6.666718E+04 2.212450E+04
6.698223E+04 2.222928E+04
6.729839E+04 2.233444E+04
6.761568E+04 2.243997E+04
6.793408E+04 2.254587E+04
6.825361E+04 2.265215E+04
6.857426E+04 2.275880E+04
6.889605E+04 2.286582E+04
6.921896E+04 2.297323E+04
6.954301E+04 2.308101E+04
6.986820E+04 2.318917E+04
7.019452E+04 2.329771E+04
7.052199E+04 2.340663E+04
7.085060E+04 2.351593E+04
7.118036E+04 2.362562E+04
7.151127E+04 2.373569E+04
7.184333E+04 2.384614E+04
7.217655E+04 2.395697E+04
7.251093E+04 2.406820E+04
7.284647E+04 2.417980E+04
7.318317E+04 2.429180E+04
7.352103E+04 2.440418E+04
7.386007E+04 2.451696E+04
7.420028E+04 2.463012E+04
7.454166E+04 2.474368E+04
7.488422E+04 2.485763E+04
7.522796E+04 2.497197E+04
7.557288E+04 2.508670E+04
7.591899E+04 2.520183E+04
7.626628E+04 2.531736E+04
7.661476E+04 2.543328E+04
7.696444E+04 2.554960E+04
7.731532E+04 2.566631E+04
7.766739E+04 2.578343E+04
7.802066E+04 2.590095E+04
7.837514E+04 2.601887E+04
7.873083E+04 2.613719E+04
7.908772E+04 2.625591E+04
7.944583E+04 2.637504E+04
7.980515E+04 2.649457E+04
8.016570E+04 2.661450E+04
8.052746E+04 2.673485E+04
8.089044E+04 2.685560E+04
8.125465E+04 2.697676E+04
8.162009E+04 2.709833E+04
8.198676E+04 2.722031E+04
8.235467E+04 2.734270E+04
8.272381E+04 2.746550E+04
8.309420E+04 2.758872E+04
8.346582E+04 2.771235E+04
8.383869E+04 2.783639E+04
8.421281E+04 2.796086E+04
8.458819E+04 2.808573E+04
8.496481E+04 2.821103E+04
8.534269E+04 2.833674E+04
8.572183E+04 2.846288E+04
8.610224E+04 2.858943E+04
8.648390E+04 2.871641E+04
8.686684E+04 2.884380E+04
8.725105E+04 2.897162E+04
8.763653E+04 2.909987E+04
8.802329E+04 2.922854E+04
8.841132E+04 2.935764E+04
8.880064E+04 2.948716E+04
8.919124E+04 2.961711E+04
8.958313E+04 2.974749E+04
8.997631E+04 2.987830E+04
9.037079E+04 3.000954E+04
9.076656E+04 3.014122E+04
9.116363E+04 3.027332E+04
9.156200E+04 3.040586E+04
9.196167E+04 3.053884E+04
9.236265E+04 3.067225E+04
9.276495E+04 3.080609E+04
9.316855E+04 3.094037E+04
9.357347E+04 3.107510E+04
9.397972E+04 3.121026E+04
9.438728E+04 3.134586E+04
9.479617E+04 3.148190E+04
9.520638E+04 3.161839E+04
9.561793E+04 3.175531E+04
9.603080E+04 3.189269E+04
9.644502E+04 3.203050E+04
9.686057E+04 3.216877E+04
9.727747E+04 3.230748E+04
9.769571E+04 3.244664E+04
9.811529E+04 3.258624E+04
9.853623E+04 3.272630E+04
9.895852E+04 3.286681E+04
9.938217E+04 3.300777E+04
9.980718E+04 3.314918E+04
1.002335E+05 3.329105E+04
1.514222E+05 5.032634E+04
1.760779E+05 5.853335E+04
2.036295E+05 6.770520E+04
2.342952E+05 7.791469E+04
2.683014E+05 8.923726E+04
3.058823E+05 1.017510E+05
3.472802E+05 1.155366E+05
3.927452E+05 1.306776E+05
4.425353E+05 1.472598E+05
4.969166E+05 1.653721E+05
5.561632E+05 1.851057E+05
6.205567E+05 2.065546E+05
6.903873E+05 2.298154E+05
7.659525E+05 2.549874E+05
8.475582E+05 2.821726E+05
9.355180E+05 3.114754E+05
1.030154E+06 3.430031E+05
1.131794E+06 3.768656E+05
1.240778E+06 4.131754E+05
1.357450E+06 4.520476E+05
1.482164E+06 4.936001E+05
1.615280E+06 5.379532E+05
1.757169E+06 5.852301E+05
1.908207E+06 6.355566E+05
2.068780E+06 6.890611E+05
2.239280E+06 7.458745E+05
2.420109E+06 8.061307E+05
2.611676E+06 8.699658E+05
2.814398E+06 9.375190E+05
3.028699E+06 1.008932E+06
3.255012E+06 1.084349E+06
3.493779E+06 1.163917E+06
3.745447E+06 1.247785E+06
4.010473E+06 1.336106E+06
4.289323E+06 1.429034E+06
4.582468E+06 1.526728E+06
4.890389E+06 1.629347E+06
5.213574E+06 1.737054E+06
5.552520E+06 1.850015E+06
5.907731E+06 1.968398E+06
6.279720E+06 2.092373E+06
6.669006E+06 2.222115E+06
7.076117E+06 2.357798E+06
7.501590E+06 2.499602E+06
7.945968E+06 2.647709E+06
8.409805E+06 2.802301E+06
8.893658E+06 2.963567E+06
9.398097E+06 3.131694E+06
9.923697E+06 3.306876E+06
1.047104E+07 3.489307E+06
1.104072E+07 3.679184E+06
1.163334E+07 3.876707E+06
1.224950E+07 4.082078E+06
1.288982E+07 4.295504E+06
1.355493E+07 4.517191E+06
1.424544E+07 4.747350E+06
1.496202E+07 4.986195E+06
1.570529E+07 5.233942E+06
1.647591E+07 5.490808E+06
1.727456E+07 5.757014E+06
1.810190E+07 6.032786E+06
1.895860E+07 6.318349E+06
1.984537E+07 6.613932E+06
2.076288E+07 6.919767E+06
2.171185E+07 7.236088E+06
2.269298E+07 7.563133E+06
2.370700E+07 7.901140E+06
2.475462E+07 8.250354E+06
2.583660E+07 8.611017E+06
2.695366E+07 8.983379E+06
2.810655E+07 9.367690E+06
2.929605E+07 9.764201E+06
3.052291E+07 1.017317E+07
3.178791E+07 1.059485E+07
3.309182E+07 1.102951E+07
3.443545E+07 1.147741E+07
3.581959E+07 1.193882E+07
3.724504E+07 1.241400E+07
3.871262E+07 1.290323E+07
4.022315E+07 1.340677E+07
4.177747E+07 1.392492E+07
4.337640E+07 1.445794E+07
4.502080E+07 1.500612E+07
4.671151E+07 1.556974E+07
4.844941E+07 1.614910E+07
5.023536E+07 1.674448E+07
5.207024E+07 1.735617E+07
5.395493E+07 1.798447E+07
5.589033E+07 1.862968E+07
5.787734E+07 1.929209E+07
5.991686E+07 1.997202E+07
6.200983E+07 2.066977E+07
6.415715E+07 2.138564E+07
6.635977E+07 2.211995E+07
6.861863E+07 2.287301E+07
7.093467E+07 2.364514E+07
7.330886E+07 2.443666E+07
7.574215E+07 2.524788E+07
7.823553E+07 2.607914E+07
8.078996E+07 2.693077E+07
8.340645E+07 2.780308E+07
8.608599E+07 2.869642E+07
8.882958E+07 2.961112E+07
9.163824E+07 3.054751E+07
9.451298E+07 3.150594E+07
9.745484E+07 3.248676E+07
1.004648E+08 3.349030E+07
1.035441E+08 3.451691E+07
1.066935E+08 3.556696E+07
1.099143E+08 3.664078E+07
1.132074E+08 3.773874E+07
1.165740E+08 3.886119E+07
1.200152E+08 4.000851E+07
1.235320E+08 4.118104E+07
1.271255E+08 4.237917E+07
1.307968E+08 4.360325E+07
1.345471E+08 4.485367E+07
1.383775E+08 4.613079E+07
1.422891E+08 4.743500E+07
1.462830E+08 4.876667E+07
1.503605E+08 5.012619E+07
1.545226E+08 5.151394E+07
1.587705E+08 5.293032E+07
1.631055E+08 5.437571E+07
1.675286E+08 5.585050E+07
1.720410E+08 5.735510E+07
1.766441E+08 5.888990E+07
1.813388E+08 6.045531E+07
1.861266E+08 6.205172E+07
1.910085E+08 6.367956E+07
1.959859E+08 6.533921E+07
2.010599E+08 6.703110E+07
2.062318E+08 6.875565E+07
2.115029E+08 7.051326E+07
2.168744E+08 7.230437E+07
2.223475E+08 7.412939E+07
2.279236E+08 7.598875E+07
2.336039E+08 7.788288E+07
2.393898E+08 7.981220E+07
2.452825E+08 8.177716E+07
2.512833E+08 8.377818E+07
2.573936E+08 8.581572E+07
2.636146E+08 8.789020E+07
2.699478E+08 9.000208E+07
2.763944E+08 9.215179E+07
2.829558E+08 9.433980E+07
2.896333E+08 9.656655E+07
2.964283E+08 9.883249E+07
3.033422E+08 1.011381E+08
3.103764E+08 1.034838E+08
3.175322E+08 1.058701E+08
3.248110E+08 1.082974E+08
3.322143E+08 1.107663E+08
3.397434E+08 1.132771E+08
3.473998E+08 1.158304E+08
3.551849E+08 1.184266E+08
3.631001E+08 1.210663E+08
3.711469E+08 1.237498E+08
3.793267E+08 1.264777E+08
3.876410E+08 1.292505E+08
3.960912E+08 1.320686E+08
4.046789E+08 1.349326E+08
4.134055E+08 1.378429E+08
4.222724E+08 1.408000E+08
4.312813E+08 1.438045E+08
4.404335E+08 1.468568E+08
4.497307E+08 1.499575E+08
4.591743E+08 1.531071E+08
4.687659E+08 1.563060E+08
4.785069E+08 1.595547E+08
4.883990E+08 1.628539E+08
4.984438E+08 1.662040E+08
5.086426E+08 1.696056E+08
5.189973E+08 1.730591E+08
5.295092E+08 1.765650E+08
5.401800E+08 1.801240E+08
5.510113E+08 1.837366E+08
5.620048E+08 1.874032E+08
5.731619E+08 1.911245E+08
5.844843E+08 1.949009E+08
5.959737E+08 1.987331E+08
6.076317E+08 2.026215E+08
6.194598E+08 2.065666E+08
6.314599E+08 2.105692E+08
6.436335E+08 2.146296E+08
6.559822E+08 2.187485E+08
6.685079E+08 2.229265E+08
6.812121E+08 2.271640E+08
6.940965E+08 2.314616E+08
7.071629E+08 2.358200E+08
7.204129E+08 2.402397E+08
7.338482E+08 2.447212E+08
7.474707E+08 2.492651E+08
7.612819E+08 2.538721E+08
7.752837E+08 2.585426E+08
7.894778E+08 2.632773E+08
8.038659E+08 2.680768E+08
8.184498E+08 2.729416E+08
8.332313E+08 2.778724E+08
8.482121E+08 2.828697E+08
8.633940E+08 2.879341E+08
8.787789E+08 2.930663E+08
8.943685E+08 2.982667E+08
9.101647E+08 3.035362E+08
9.261691E+08 3.088751E+08
9.423838E+08 3.142842E+08
9.588105E+08 3.197641E+08
9.754510E+08 3.253153E+08
9.923072E+08 3.309386E+08
1.009381E+09 3.366344E+08
1.026674E+09 3.424035E+08
1.044189E+09 3.482465E+08
1.061926E+09 3.541640E+08
1.079889E+09 3.601566E+08
1.098079E+09 3.662249E+08
1.116497E+09 3.723697E+08
1.135147E+09 3.785914E+08
1.154029E+09 3.848909E+08
1.173145E+09 3.912687E+08
1.192498E+09 3.977255E+08
1.212090E+09 4.042618E+08
1.231922E+09 4.108785E+08
1.251997E+09 4.175761E+08
1.272316E+09 4.243552E+08
1.292881E+09 4.312166E+08
1.313695E+09 4.381610E+08
1.334759E+09 4.451889E+08
1.356075E+09 4.523010E+08
1.377646E+09 4.594981E+08
1.399473E+09 4.667808E+08
1.421559E+09 4.741497E+08
1.443904E+09 4.816056E+08
1.466513E+09 4.891491E+08
1.489386E+09 4.967809E+08
1.512525E+09 5.045018E+08
1.535933E+09 5.123123E+08
1.559612E+09 5.202132E+08
1.583563E+09 5.282052E+08
1.607790E+09 5.362890E+08
1.632293E+09 5.444652E+08
1.657076E+09 5.527347E+08
1.682139E+09 5.610980E+08
1.707486E+09 5.695560E+08
1.733118E+09 5.781092E+08
1.759038E+09 5.867585E+08
1.785248E+09 5.955045E+08
1.811749E+09 6.043480E+08
1.838545E+09 6.132897E+08
1.865637E+09 6.223303E+08
1.893027E+09 6.314706E+08
1.920717E+09 6.407112E+08
1.948711E+09 6.500529E+08
1.977009E+09 6.594965E+08
2.005614E+09 6.690426E+08
2.034529E+09 6.786921E+08
2.063756E+09 6.884456E+08
2.093296E+09 6.983039E+08
2.123152E+09 7.082678E+08
2.153327E+09 7.183381E+08
2.183822E+09 7.285153E+08
2.214640E+09 7.388005E+08
2.245783E+09 7.491942E+08
2.277253E+09 7.596972E+08
2.309053E+09 7.703104E+08
2.341186E+09 7.810345E+08
2.373652E+09 7.918702E+08
2.406455E+09 8.028183E+08
2.439597E+09 8.138797E+08
2.473080E+09 8.250550E+08
2.506906E+09 8.363451E+08
2.541079E+09 8.477508E+08
2.575600E+09 8.592728E+08
2.610471E+09 8.709119E+08
2.645695E+09 8.826689E+08
2.681275E+09 8.945447E+08
2.717212E+09 9.065400E+08
2.753510E+09 9.186556E+08
2.790170E+09 9.308923E+08
2.827195E+09 9.432509E+08
2.864588E+09 9.557323E+08
2.902350E+09 9.683373E+08
2.940484E+09 9.810665E+08
2.978993E+09 9.939210E+08
3.017880E+09 1.006901E+09
3.057145E+09 1.020009E+09
3.096793E+09 1.033244E+09
3.136825E+09 1.046607E+09
3.177245E+09 1.060100E+09
3.218053E+09 1.073723E+09
3.259254E+09 1.087476E+09
3.300849E+09 1.101362E+09
3.342841E+09 1.115380E+09
3.385232E+09 1.129532E+09
3.428026E+09 1.143818E+09
3.471224E+09 1.158240E+09
3.514829E+09 1.172797E+09
3.558844E+09 1.187491E+09
3.603271E+09 1.202323E+09
3.648113E+09 1.217294E+09
3.693372E+09 1.232404E+09
3.739051E+09 1.247654E+09
3.785153E+09 1.263046E+09
3.831680E+09 1.278580E+09
3.878634E+09 1.294257E+09
3.926019E+09 1.310077E+09
3.973837E+09 1.326043E+09
4.022090E+09 1.342153E+09
4.070782E+09 1.358411E+09
4.119914E+09 1.374816E+09
4.169490E+09 1.391369E+09
4.219513E+09 1.408071E+09
4.269984E+09 1.424923E+09
4.320907E+09 1.441926E+09
4.372284E+09 1.459081E+09
4.424117E+09 1.476389E+09
4.476411E+09 1.493850E+09
4.529167E+09 1.511466E+09
4.582388E+09 1.529238E+09
4.636077E+09 1.547165E+09
4.690236E+09 1.565251E+09
4.744869E+09 1.583494E+09
4.799977E+09 1.601897E+09
4.855565E+09 1.620459E+09
4.911634E+09 1.639183E+09
4.968187E+09 1.658068E+09
5.025228E+09 1.677117E+09
5.082758E+09 1.696329E+09
5.140781E+09 1.715706E+09
5.199300E+09 1.735249E+09
5.258317E+09 1.754958E+09
5.317835E+09 1.774835E+09
5.377857E+09 1.794880E+09
5.438386E+09 1.815095E+09
5.499425E+09 1.835481E+09
5.560976E+09 1.856038E+09
5.623043E+09 1.876767E+09
5.685628E+09 1.897669E+09
5.748734E+09 1.918746E+09
5.812364E+09 1.939998E+09
5.876521E+09 1.961426E+09
5.941208E+09 1.983031E+09
6.006428E+09 2.004815E+09
6.072183E+09 2.026778E+09
6.138477E+09 2.048921E+09
6.205312E+09 2.071245E+09
6.272692E+09 2.093751E+09
6.340620E+09 2.116440E+09
6.409097E+09 2.139313E+09
6.478129E+09 2.162372E+09
6.547716E+09 2.185616E+09
6.617863E+09 2.209048E+09
6.688572E+09 2.232668E+09
6.759847E+09 2.256477E+09
6.831689E+09 2.280476E+09
6.904103E+09 2.304666E+09
6.977092E+09 2.329048E+09
7.050658E+09 2.353623E+09
7.124804E+09 2.378393E+09
7.199534E+09 2.403358E+09
7.274850E+09 2.428519E+09
7.350756E+09 2.453877E+09
7.427255E+09 2.479434E+09
7.504349E+09 2.505190E+09
7.582043E+09 2.531146E+09
7.660338E+09 2.557304E+09
7.739238E+09 2.583664E+09
7.818747E+09 2.610228E+09
7.898866E+09 2.636996E+09
7.979601E+09 2.663970E+09
8.060952E+09 2.691150E+09
8.142925E+09 2.718538E+09
8.225521E+09 2.746135E+09
8.308744E+09 2.773942E+09
8.392598E+09 2.801960E+09
8.477085E+09 2.830189E+09
8.562208E+09 2.858632E+09
8.647971E+09 2.887289E+09
8.734377E+09 2.916161E+09
8.821429E+09 2.945249E+09
8.909131E+09 2.974554E+09
8.997485E+09 3.004078E+09
9.086495E+09 3.033822E+09
9.176164E+09 3.063786E+09
9.266495E+09 3.093972E+09
9.357492E+09 3.124380E+09
9.449158E+09 3.155012E+09
9.541496E+09 3.185870E+09
9.634509E+09 3.216953E+09
9.728201E+09 3.248264E+09
9.822575E+09 3.279803E+09
9.917634E+09 3.311571E+09
1.001338E+10 3.343570E+09
1.010982E+10 3.375801E+09
1.020696E+10 3.408264E+09
1.030479E+10 3.440961E+09
1.040333E+10 3.473894E+09
1.050257E+10 3.507062E+09
1.060252E+10 3.540467E+09
1.070318E+10 3.574111E+09
1.080455E+10 3.607995E+09
1.090665E+10 3.642119E+09
1.100947E+10 3.676485E+09
1.111301E+10 3.711094E+09
1.121728E+10 3.745947E+09
1.132229E+10 3.781046E+09
1.142803E+10 3.816391E+09
1.153451E+10 3.851983E+09
1.164173E+10 3.887824E+09
1.174970E+10 3.923915E+09
1.185842E+10 3.960257E+09
1.196789E+10 3.996851E+09
1.207812E+10 4.033699E+09
1.218910E+10 4.070801E+09
1.230086E+10 4.108159E+09
1.241338E+10 4.145774E+09
1.252666E+10 4.183647E+09
1.264073E+10 4.221779E+09
1.275557E+10 4.260171E+09
1.287119E+10 4.298826E+09
1.298760E+10 4.337743E+09
1.310479E+10 4.376924E+09
1.322278E+10 4.416370E+09
1.334156E+10 4.456083E+09
1.346114E+10 4.496064E+09
1.358152E+10 4.536313E+09
1.370271E+10 4.576832E+09
1.382471E+10 4.617623E+09
1.394752E+10 4.658686E+09
1.407115E+10 4.700023E+09
1.419560E+10 4.741634E+09
1.432088E+10 4.783522E+09
1.444698E+10 4.825687E+09
1.457391E+10 4.868131E+09
1.470168E+10 4.910854E+09
1.483028E+10 4.953859E+09
1.495973E+10 4.997146E+09
1.509003E+10 5.040716E+09
1.522117E+10 5.084571E+09
1.535317E+10 5.128712E+09
1.548603E+10 5.173140E+09
1.561974E+10 5.217857E+09
1.575432E+10 5.262864E+09
1.588977E+10 5.308161E+09
1.602609E+10 5.353751E+09
1.616329E+10 5.399635E+09
1.630136E+10 5.445813E+09
1.644032E+10 5.492287E+09
1.658017E+10 5.539058E+09
1.672091E+10 5.586128E+09
1.686254E+10 5.633498E+09
1.700507E+10 5.681170E+09
1.714850E+10 5.729143E+09
1.729284E+10 5.777420E+09
1.743809E+10 5.826002E+09
1.758425E+10 5.874891E+09
1.773133E+10 5.924087E+09
1.787933E+10 5.973592E+09
1.802825E+10 6.023407E+09
1.817811E+10 6.073534E+09
1.832889E+10 6.123973E+09
1.848062E+10 6.174726E+09
1.863328E+10 6.225795E+09
1.878689E+10 6.277181E+09
1.894145E+10 6.328884E+09
1.909696E+10 6.380907E+09
1.925342E+10 6.433250E+09
1.941085E+10 6.485915E+09
1.956924E+10 6.538904E+09
1.972860E+10 6.592217E+09
1.988893E+10 6.645857E+09
2.005023E+10 6.699823E+09
2.021252E+10 6.754118E+09
2.037579E+10 6.808743E+09
2.054004E+10 6.863699E+09
2.070529E+10 6.918988E+09
2.087154E+10 6.974611E+09
2.103878E+10 7.030569E+09
2.120703E+10 7.086864E+09
2.137628E+10 7.143497E+09
2.154655E+10 7.200470E+09
2.171783E+10 7.257783E+09
2.189014E+10 7.315438E+09
2.206346E+10 7.373437E+09
2.223782E+10 7.431780E+09
2.241320E+10 7.490470E+09
2.258963E+10 7.549507E+09
2.276709E+10 7.608894E+09
2.294560E+10 7.668631E+09
2.312515E+10 7.728719E+09
2.330576E+10 7.789161E+09
2.348742E+10 7.849957E+09
2.367015E+10 7.911109E+09
2.385394E+10 7.972618E+09
2.403880E+10 8.034486E+09
2.422473E+10 8.096714E+09
2.441174E+10 8.159304E+09
2.459983E+10 8.222257E+09
2.478901E+10 8.285573E+09
2.497927E+10 8.349256E+09
2.517063E+10 8.413306E+09
2.536309E+10 8.477724E+09
2.555665E+10 8.542512E+09
2.575132E+10 8.607672E+09
2.594709E+10 8.673205E+09
2.614399E+10 8.739112E+09
2.634200E+10 8.805394E+09
2.654113E+10 8.872054E+09
2.674140E+10 8.939092E+09
2.694279E+10 9.006510E+09
2.714532E+10 9.074310E+09
2.734899E+10 9.142492E+09
2.755381E+10 9.211059E+09
2.775978E+10 9.280012E+09
2.796690E+10 9.349352E+09
2.817517E+10 9.419080E+09
2.838461E+10 9.489199E+09
2.859522E+10 9.559709E+09
2.880699E+10 9.630613E+09
2.901994E+10 9.701911E+09
2.923407E+10 9.773605E+09
2.944939E+10 9.845696E+09
2.966589E+10 9.918187E+09
2.988358E+10 9.991078E+09
3.010247E+10 1.006437E+10
3.032257E+10 1.013807E+10
3.054386E+10 1.021217E+10
3.076637E+10 1.028668E+10
3.099009E+10 1.036159E+10
3.121504E+10 1.043692E+10
3.144120E+10 1.051265E+10
3.166859E+10 1.058880E+10
3.189722E+10 1.066536E+10
3.212708E+10 1.074234E+10
3.235818E+10 1.081973E+10
3.259053E+10 1.089755E+10
3.282412E+10 1.097578E+10
3.305898E+10 1.105443E+10
3.329509E+10 1.113351E+10
3.353246E+10 1.121301E+10
3.377110E+10 1.129294E+10
3.401102E+10 1.137329E+10
3.425221E+10 1.145408E+10
3.449469E+10 1.153529E+10
3.473845E+10 1.161694E+10
3.498350E+10 1.169902E+10
3.522984E+10 1.178154E+10
3.547749E+10 1.186449E+10
3.572644E+10 1.194788E+10
3.597670E+10 1.203171E+10
3.622827E+10 1.211599E+10
3.648116E+10 1.220070E+10
3.673537E+10 1.228586E+10
3.699091E+10 1.237147E+10
3.724779E+10 1.245752E+10
3.750600E+10 1.254402E+10
3.776555E+10 1.263098E+10
3.802644E+10 1.271838E+10
3.828869E+10 1.280625E+10
3.855229E+10 1.289456E+10
3.881726E+10 1.298333E+10
3.908358E+10 1.307257E+10
3.935128E+10 1.316226E+10
3.962035E+10 1.325241E+10
3.989080E+10 1.334303E+10
4.016263E+10 1.343411E+10
4.043585E+10 1.352566E+10
4.071047E+10 1.361768E+10
4.098648E+10 1.371017E+10
4.126389E+10 1.380313E+10
4.154271E+10 1.389656E+10
4.182294E+10 1.399047E+10
4.210459E+10 1.408485E+10
4.238766E+10 1.417972E+10
4.267216E+10 1.427506E+10
4.295809E+10 1.437088E+10
4.324545E+10 1.446719E+10
4.353426E+10 1.456398E+10
4.382451E+10 1.466125E+10
4.411621E+10 1.475902E+10
4.440936E+10 1.485727E+10
4.470398E+10 1.495601E+10
4.500006E+10 1.505525E+10
4.529760E+10 1.515498E+10
4.559663E+10 1.525521E+10
4.589713E+10 1.535594E+10
4.619912E+10 1.545716E+10
4.650260E+10 1.555889E+10
4.680757E+10 1.566112E+10
4.711404E+10 1.576385E+10
4.742201E+10 1.586709E+10
4.773149E+10 1.597084E+10
4.804249E+10 1.607509E+10
4.835500E+10 1.617986E+10
4.866904E+10 1.628514E+10
4.898461E+10 1.639093E+10
4.930171E+10 1.649724E+10
4.962035E+10 1.660407E+10
4.994053E+10 1.671142E+10
5.026227E+10 1.681929E+10
5.058555E+10 1.692768E+10
5.091039E+10 1.703660E+10
5.123680E+10 1.714604E+10
5.156478E+10 1.725601E+10
5.189433E+10 1.736651E+10
5.222545E+10 1.747754E+10
5.255817E+10 1.758911E+10
5.289247E+10 1.770121E+10
5.322836E+10 1.781384E+10
5.356585E+10 1.792702E+10
5.390495E+10 1.804073E+10
5.424566E+10 1.815499E+10
5.458798E+10 1.826979E+10
5.493192E+10 1.838513E+10
5.527748E+10 1.850102E+10
5.562468E+10 1.861746E+10
5.597350E+10 1.873445E+10
5.632397E+10 1.885200E+10
5.667608E+10 1.897010E+10
5.702985E+10 1.908875E+10
5.738527E+10 1.920796E+10
5.774234E+10 1.932773E+10
5.810109E+10 1.944806E+10
5.846150E+10 1.956895E+10
5.882359E+10 1.969041E+10
5.918737E+10 1.981243E+10
5.955282E+10 1.993503E+10
5.991997E+10 2.005819E+10
6.028882E+10 2.018192E+10
6.065937E+10 2.030623E+10
6.103163E+10 2.043111E+10
6.140560E+10 2.055657E+10
6.178128E+10 2.068261E+10
6.215869E+10 2.080923E+10
6.253783E+10 2.093643E+10
6.291870E+10 2.106421E+10
6.330131E+10 2.119258E+10
6.368567E+10 2.132154E+10
6.407177E+10 2.145109E+10
6.445963E+10 2.158123E+10
6.484925E+10 2.171196E+10
6.524064E+10 2.184329E+10
6.563379E+10 2.197521E+10
6.602873E+10 2.210774E+10
6.642544E+10 2.224086E+10
6.682394E+10 2.237459E+10
6.722424E+10 2.250892E+10
6.762633E+10 2.264385E+10
6.803022E+10 2.277939E+10
6.843592E+10 2.291555E+10
6.884344E+10 2.305231E+10
6.925278E+10 2.318969E+10
6.966394E+10 2.332769E+10
7.007693E+10 2.346630E+10
7.049176E+10 2.360553E+10
7.090842E+10 2.374538E+10
7.132694E+10 2.388585E+10
7.174731E+10 2.402695E+10
7.216953E+10 2.416867E+10
7.259362E+10 2.431102E+10
7.301957E+10 2.445400E+10
7.344740E+10 2.459762E+10
7.387711E+10 2.474186E+10
7.430870E+10 2.488675E+10
7.474219E+10 2.503227E+10
7.517757E+10 2.517843E+10
7.561485E+10 2.532523E+10
7.605404E+10 2.547268E+10
7.649514E+10 2.562077E+10
7.693816E+10 2.576950E+10
7.738311E+10 2.591889E+10
7.782998E+10 2.606893E+10
7.827879E+10 2.621962E+10
7.872954E+10 2.637096E+10
7.918223E+10 2.652297E+10
7.963688E+10 2.667563E+10
8.009349E+10 2.682895E+10
8.055205E+10 2.698293E+10
8.101259E+10 2.713758E+10
8.147510E+10 2.729289E+10
8.193959E+10 2.744887E+10
8.240607E+10 2.760552E+10
8.287454E+10 2.776285E+10
8.334500E+10 2.792084E+10
8.381747E+10 2.807952E+10
8.429195E+10 2.823887E+10
8.476844E+10 2.839890E+10
8.524695E+10 2.855961E+10
8.572748E+10 2.872101E+10
8.621005E+10 2.888309E+10
8.669465E+10 2.904586E+10
8.718130E+10 2.920932E+10
8.767000E+10 2.937347E+10
8.816074E+10 2.953832E+10
8.865355E+10 2.970386E+10
8.914843E+10 2.987009E+10
8.964538E+10 3.003703E+10
9.014440E+10 3.020467E+10
9.064551E+10 3.037301E+10
9.114871E+10 3.054206E+10
9.165400E+10 3.071181E+10
9.216139E+10 3.088228E+10
9.267089E+10 3.105345E+10
9.318250E+10 3.122534E+10
9.369623E+10 3.139795E+10
9.421209E+10 3.157127E+10
9.473007E+10 3.174531E+10
9.525019E+10 3.192007E+10
9.577245E+10 3.209556E+10
9.629686E+10 3.227177E+10
9.682342E+10 3.244871E+10
9.735215E+10 3.262638E+10
9.788303E+10 3.280478E+10
9.841609E+10 3.298391E+10
9.895133E+10 3.316378E+10
9.948875E+10 3.334439E+10
1.000284E+11 3.352573E+10
1.005702E+11 3.370782E+10
1.011142E+11 3.389065E+10
1.016604E+11 3.407423E+10
1.022088E+11 3.425856E+10
1.027594E+11 3.444363E+10
1.033123E+11 3.462946E+10
1.038674E+11 3.481604E+10
1.044247E+11 3.500338E+10
1.049843E+11 3.519147E+10
1.055462E+11 3.538033E+10
1.061102E+11 3.556995E+10
1.066766E+11 3.576033E+10
1.072452E+11 3.595148E+10
1.078161E+11 3.614340E+10
1.083892E+11 3.633608E+10
1.089647E+11 3.652955E+10
1.095424E+11 3.672378E+10
1.101225E+11 3.691879E+10
1.107048E+11 3.711458E+10
1.112895E+11 3.731116E+10
1.118764E+11 3.750851E+10
1.124657E+11 3.770665E+10
1.130574E+11 3.790558E+10
1.136513E+11 3.810530E+10
1.142476E+11 3.830581E+10
1.148463E+11 3.850711E+10
1.154472E+11 3.870921E+10
1.160506E+11 3.891210E+10
1.166563E+11 3.911580E+10
1.172644E+11 3.932030E+10
1.178749E+11 3.952560E+10
1.184877E+11 3.973171E+10
1.191030E+11 3.993863E+10
1.197206E+11 4.014636E+10
1.203407E+11 4.035490E+10
1.209631E+11 4.056426E+10
1.215880E+11 4.077443E+10
1.222153E+11 4.098542E+10
1.228450E+11 4.119724E+10
1.234771E+11 4.140987E+10
1.241117E+11 4.162334E+10
1.247488E+11 4.183763E+10
1.253882E+11 4.205275E+10
1.260302E+11 4.226871E+10
1.266746E+11 4.248550E+10
1.273215E+11 4.270312E+10
1.279709E+11 4.292158E+10
1.286227E+11 4.314089E+10
1.292770E+11 4.336104E+10
1.299339E+11 4.358203E+10
1.305932E+11 4.380387E+10
1.312551E+11 4.402656E+10
1.319194E+11 4.425011E+10
1.325863E+11 4.447450E+10
1.332558E+11 4.469976E+10
1.339277E+11 4.492587E+10
1.346022E+11 4.515284E+10
1.352793E+11 4.538068E+10
1.359589E+11 4.560938E+10
1.366410E+11 4.583895E+10
1.373258E+11 4.606938E+10
1.380131E+11 4.630069E+10
1.387029E+11 4.653288E+10
1.393954E+11 4.676594E+10
1.400905E+11 4.699988E+10
1.407881E+11 4.723470E+10
1.414884E+11 4.747040E+10
1.421913E+11 4.770699E+10
1.428968E+11 4.794446E+10
1.436050E+11 4.818283E+10
1.443157E+11 4.842208E+10
1.450291E+11 4.866223E+10
1.457452E+11 4.890328E+10
1.464639E+11 4.914523E+10
1.471852E+11 4.938808E+10
1.479093E+11 4.963183E+10
1.486360E+11 4.987648E+10
1.493654E+11 5.012205E+10
1.500974E+11 5.036852E+10
1.508322E+11 5.061591E+10
1.515696E+11 5.086421E+10
1.523098E+11 5.111343E+10
1.530527E+11 5.136357E+10
1.537983E+11 5.161463E+10
1.545466E+11 5.186661E+10
1.552976E+11 5.211952E+10
1.560514E+11 5.237336E+10
1.568080E+11 5.262813E+10
1.575673E+11 5.288383E+10
1.583293E+11 5.314046E+10
1.590941E+11 5.339804E+10
1.598617E+11 5.365655E+10
1.606321E+11 5.391601E+10
1.614052E+11 5.417641E+10
1.621812E+11 5.443776E+10
1.629599E+11 5.470006E+10
1.637415E+11 5.496331E+10
1.645258E+11 5.522751E+10
1.653130E+11 5.549267E+10
1.661030E+11 5.575879E+10
1.668958E+11 5.602587E+10
1.676915E+11 5.629391E+10
1.684900E+11 5.656292E+10
1.692914E+11 5.683289E+10
1.700957E+11 5.710384E+10
1.709028E+11 5.737576E+10
1.717127E+11 5.764865E+10
1.725256E+11 5.792253E+10
1.733414E+11 5.819738E+10
1.741600E+11 5.847321E+10
1.749816E+11 5.875003E+10
1.758060E+11 5.902783E+10
1.766334E+11 5.930663E+10
1.774637E+11 5.958642E+10
1.782969E+11 5.986720E+10
1.791330E+11 6.014897E+10
1.799721E+11 6.043175E+10
1.808142E+11 6.071553E+10
1.816592E+11 6.100031E+10
1.825072E+11 6.128609E+10
1.833581E+11 6.157289E+10
1.842120E+11 6.186069E+10
1.850689E+11 6.214951E+10
1.859288E+11 6.243935E+10
1.867917E+11 6.273020E+10
1.876576E+11 6.302207E+10
1.885265E+11 6.331497E+10
1.893985E+11 6.360889E+10
1.902734E+11 6.390384E+10
1.911514E+11 6.419982E+10
1.920324E+11 6.449684E+10
1.929165E+11 6.479488E+10
1.938037E+11 6.509397E+10
1.946938E+11 6.539409E+10
1.955871E+11 6.569526E+10
1.964835E+11 6.599748E+10
1.973829E+11 6.630074E+10
1.982854E+11 6.660505E+10
1.991910E+11 6.691041E+10
2.000997E+11 6.721683E+10
2.010116E+11 6.752430E+10
2.019265E+11 6.783283E+10
2.028446E+11 6.814243E+10
2.037658E+11 6.845309E+10
2.046901E+11 6.876482E+10
2.056176E+11 6.907762E+10
2.065483E+11 6.939148E+10
2.074821E+11 6.970643E+10
2.084191E+11 7.002245E+10
2.093592E+11 7.033955E+10
2.103026E+11 7.065773E+10
2.112491E+11 7.097700E+10
2.121988E+11 7.129735E+10
2.131518E+11 7.161880E+10
2.141079E+11 7.194133E+10
2.150673E+11 7.226496E+10
2.160299E+11 7.258969E+10
2.169957E+11 7.291552E+10
2.179647E+11 7.324245E+10
2.189371E+11 7.357048E+10
2.199126E+11 7.389962E+10
2.208915E+11 7.422987E+10
2.218736E+11 7.456124E+10
2.228590E+11 7.489372E+10
2.238476E+11 7.522731E+10
2.248396E+11 7.556203E+10
2.258349E+11 7.589786E+10
2.268334E+11 7.623483E+10
2.278353E+11 7.657292E+10
2.288405E+11 7.691214E+10
2.298490E+11 7.725249E+10
2.308609E+11 7.759398E+10
2.318761E+11 7.793660E+10
2.328947E+11 7.828037E+10
2.339166E+11 7.862528E+10
2.349419E+11 7.897133E+10
2.359706E+11 7.931854E+10
2.370026E+11 7.966689E+10
2.380381E+11 8.001640E+10
2.390769E+11 8.036706E+10
2.401192E+11 8.071888E+10
2.411648E+11 8.107186E+10
2.422139E+11 8.142601E+10
2.432664E+11 8.178132E+10
2.443223E+11 8.213780E+10
2.453817E+11 8.249545E+10
2.464445E+11 8.285428E+10
2.475107E+11 8.321428E+10
2.485805E+11 8.357546E+10
2.496537E+11 8.393783E+10
2.507304E+11 8.430138E+10
2.518105E+11 8.466611E+10
2.528942E+11 8.503204E+10
2.539814E+11 8.539916E+10
2.550721E+11 8.576747E+10
2.561663E+11 8.613698E+10
2.572640E+11 8.650769E+10
2.583652E+11 8.687960E+10
2.594700E+11 8.725272E+10
2.605783E+11 8.762705E+10
2.616902E+11 8.800259E+10
2.628057E+11 8.837934E+10
2.639247E+11 8.875731E+10
2.650473E+11 8.913650E+10
2.661735E+11 8.951691E+10
2.673033E+11 8.989854E+10
2.684367E+11 9.028140E+10
2.695737E+11 9.066549E+10
2.707143E+11 9.105081E+10
2.718585E+11 9.143737E+10
2.730064E+11 9.182516E+10
2.741579E+11 9.221420E+10
2.753130E+11 9.260448E+10
2.764718E+11 9.299600E+10
2.776343E+11 9.338877E+10
2.788004E+11 9.378280E+10
2.799702E+11 9.417807E+10
2.811437E+11 9.457461E+10
2.823209E+11 9.497240E+10
2.835018E+11 9.537146E+10
2.846864E+11 9.577178E+10
2.858747E+11 9.617336E+10
2.870668E+11 9.657622E+10
2.882625E+11 9.698035E+10
2.894621E+11 9.738576E+10
2.906653E+11 9.779244E+10
2.918723E+11 9.820041E+10
2.930831E+11 9.860966E+10
2.942977E+11 9.902019E+10
2.955160E+11 9.943202E+10
2.967382E+11 9.984513E+10
2.979641E+11 1.002595E+11
2.991938E+11 1.006753E+11
3.004273E+11 1.010923E+11
3.016647E+11 1.015106E+11
3.029059E+11 1.019302E+11
3.041509E+11 1.023511E+11
3.053998E+11 1.027734E+11
3.066525E+11 1.031969E+11
3.079090E+11 1.036218E+11
3.091695E+11 1.040480E+11
3.104338E+11 1.044755E+11
3.117020E+11 1.049043E+11
3.129741E+11 1.053345E+11
3.142501E+11 1.057660E+11
3.155300E+11 1.061988E+11
3.168138E+11 1.066330E+11
3.181015E+11 1.070685E+11
3.193932E+11 1.075053E+11
3.206888E+11 1.079435E+11
3.219883E+11 1.083831E+11
3.232918E+11 1.088240E+11
3.245993E+11 1.092662E+11
3.259107E+11 1.097098E+11
3.272262E+11 1.101548E+11
3.285456E+11 1.106011E+11
3.298690E+11 1.110488E+11
3.311964E+11 1.114978E+11