0.0 0.0
0.939412E+00  0.518845E-03 
0.103578E+02  0.155846E-01 
0.197963E+02  0.406863E-01 
0.292499E+02  0.794893E-01 
0.387186E+02  0.134580E+00 
0.482027E+02  0.206102E+00 
0.577025E+02  0.293172E+00 
0.672177E+02  0.395413E+00 
0.767484E+02  0.514029E+00 
0.862950E+02  0.652376E+00 
0.958581E+02  0.816137E+00 
0.105439E+03  0.101325E+01 
0.115039E+03  0.128456E+01 
0.124661E+03  0.158948E+01 
0.134307E+03  0.195495E+01 
0.143980E+03  0.239837E+01 
0.153685E+03  0.293570E+01 
0.163425E+03  0.358264E+01 
0.173207E+03  0.435479E+01 
0.183034E+03  0.526744E+01 
0.192912E+03  0.633541E+01 
0.202847E+03  0.757287E+01 
0.212844E+03  0.899314E+01 
0.222910E+03  0.106086E+02 
0.233049E+03  0.124304E+02 
0.243268E+03  0.144687E+02 
0.253572E+03  0.167324E+02 
0.263967E+03  0.192291E+02 
0.274458E+03  0.219652E+02 
0.285051E+03  0.249460E+02 
0.295749E+03  0.281757E+02 
0.306559E+03  0.316575E+02 
0.317485E+03  0.353936E+02 
0.328530E+03  0.393856E+02 
0.339700E+03  0.436339E+02 
0.350998E+03  0.481389E+02 
0.362428E+03  0.528999E+02 
0.373993E+03  0.579160E+02 
0.385696E+03  0.631860E+02 
0.397540E+03  0.687082E+02 
0.409529E+03  0.744807E+02 
0.421665E+03  0.805016E+02 
0.433949E+03  0.867685E+02 
0.446386E+03  0.932791E+02 
0.458976E+03  0.100031E+03 
0.471722E+03  0.107022E+03 
0.484625E+03  0.114250E+03 
0.497687E+03  0.121711E+03 
0.510910E+03  0.129405E+03 
0.524295E+03  0.137327E+03 
0.537844E+03  0.145477E+03 
0.551557E+03  0.153851E+03 
0.565436E+03  0.162448E+03 
0.579483E+03  0.171265E+03 
0.593697E+03  0.180300E+03 
0.608080E+03  0.189552E+03 
0.622633E+03  0.199018E+03 
0.637356E+03  0.208696E+03 
0.652251E+03  0.218585E+03 
0.667317E+03  0.228683E+03 
0.682556E+03  0.238989E+03 
0.697968E+03  0.249500E+03 
0.713554E+03  0.260215E+03 
0.729313E+03  0.271133E+03 
0.745247E+03  0.282252E+03 
0.761357E+03  0.293572E+03 
0.777641E+03  0.305090E+03 
0.794101E+03  0.316806E+03 
0.810737E+03  0.328718E+03 
0.827549E+03  0.340826E+03 
0.844538E+03  0.353128E+03 
0.861703E+03  0.365623E+03 
0.879046E+03  0.378310E+03 
0.896566E+03  0.391189E+03 
0.914263E+03  0.404259E+03 
0.932138E+03  0.417518E+03 
0.950190E+03  0.430966E+03 
0.968420E+03  0.444603E+03 
0.986829E+03  0.458427E+03 
0.100542E+04  0.472438E+03 
0.102418E+04  0.486635E+03 
0.104312E+04  0.501017E+03 
0.106224E+04  0.515584E+03 
0.108154E+04  0.530336E+03 
0.110102E+04  0.545272E+03 
0.112068E+04  0.560391E+03 
0.114052E+04  0.575693E+03 
0.116053E+04  0.591177E+03 
0.118072E+04  0.606843E+03 
0.120109E+04  0.622691E+03 
0.122165E+04  0.638719E+03 
0.124238E+04  0.654929E+03 
0.126328E+04  0.671318E+03 
0.128437E+04  0.687888E+03 
0.130564E+04  0.704637E+03 
0.132708E+04  0.721565E+03 
0.134871E+04  0.738673E+03 
0.137051E+04  0.755958E+03 
0.139249E+04  0.773423E+03 
0.141465E+04  0.791065E+03 
0.143699E+04  0.808885E+03 
0.145951E+04  0.826882E+03 
0.148221E+04  0.845057E+03 
0.150508E+04  0.863409E+03 
0.152814E+04  0.881938E+03 
0.155137E+04  0.900643E+03 
0.157478E+04  0.919524E+03 
